22.151
29.528
-35.964
22.139
29.512
-35.853
22.152
29.513
-35.799
22.152
29.501
-35.761
22.16
29.492
-35.757
22.17
29.484
-35.742
22.182
29.474
-35.743
22.201
29.478
-35.741
22.228
29.501
-35.724
22.265
29.533
-35.704
22.299
29.589
-35.689
22.33
29.662
-35.689
22.363
29.733
-35.66
22.394
29.812
-35.638
22.414
29.893
-35.61
22.431
29.96
-35.606
22.447
30.021
-35.585
22.452
30.081
-35.567
22.456
30.13
-35.545
22.458
30.178
-35.538
22.46
30.23
-35.536
22.466
30.271
-35.541
22.478
30.308
-35.561
22.489
30.348
-35.587
22.504
30.376
-35.604
22.522
30.401
-35.602
22.536
30.428
-35.601
22.544
30.449
-35.591
22.552
30.465
-35.596
22.561
30.486
-35.59
22.565
30.498
-35.613
22.57
30.506
-35.613
22.574
30.512
-35.616
22.574
30.509
-35.611
22.575
30.498
-35.616
22.572
30.48
-35.597
22.565
30.442
-35.615
22.552
30.384
-35.644
22.533
30.306
-35.67
22.509
30.206
-35.728
22.487
30.093
-35.771
22.465
29.991
-35.798
22.45
29.902
-35.783
22.442
29.834
-35.776
22.426
29.789
-35.749
22.408
29.767
-35.753
22.389
29.758
-35.739
22.365
29.763
-35.736
22.338
29.769
-35.723
22.314
29.778
-35.718
22.291
29.788
-35.696
22.271
29.789
-35.696
22.251
29.787
-35.719
22.238
29.789
-35.749
22.231
29.79
-35.728
22.233
29.787
-35.702
22.244
29.787
-35.672
22.256
29.784
-35.663
22.269
29.776
-35.651
22.278
29.771
-35.668
22.281
29.763
-35.685
22.28
29.755
-35.701
22.273
29.749
-35.713
22.264
29.744
-35.722
22.261
29.74
-35.747
22.254
29.753
-35.752
22.247
29.788
-35.752
22.254
29.848
-35.722
22.268
29.907
-35.687
22.285
29.983
-35.593
22.313
30.051
-35.535
22.342
30.118
-35.49
22.372
30.169
-35.43
22.398
30.235
-35.421
22.428
30.299
-35.437
22.45
30.364
-35.444
22.474
30.423
-35.432
22.489
30.482
-35.45
22.501
30.531
-35.418
22.508
30.566
-35.394
22.514
30.6
-35.391
22.516
30.625
-35.382
22.526
30.642
-35.377
22.529
30.661
-35.381
22.537
30.675
-35.37
22.545
30.675
-35.366
22.549
30.67
-35.359
22.544
30.651
-35.363
22.536
30.596
-35.386
22.516
30.508
-35.422
22.486
30.381
-35.487
22.456
30.219
-35.559
22.424
30.049
-35.599
22.395
29.899
-35.621
22.371
29.773
-35.645
22.351
29.693
-35.624
22.332
29.651
-35.634
22.315
29.63
-35.645
22.279
29.604
-35.683
22.243
29.588
-35.707
22.211
29.567
-35.735
22.18
29.548
-35.735
22.148
29.527
-35.77
22.139
29.524
-35.754
22.133
29.522
-35.748
22.129
29.529
-35.725
22.121
29.532
-35.715
22.121
29.539
-35.676
22.122
29.543
-35.654
22.129
29.546
-35.645
22.132
29.539
-35.647
22.136
29.53
-35.655
22.126
29.502
-35.732
22.065
29.405
-35.957
21.94
29.194
-36.167
21.755
28.85
-36.508
21.522
28.392
-36.836
21.272
27.875
-37.107
21.056
27.384
-37.208
20.904
26.99
-37.328
20.817
26.719
-37.28
20.774
26.549
-37.253
20.757
26.436
-37.246
20.751
26.328
-37.303
20.738
26.214
-37.335
20.722
26.108
-37.395
20.713
26.02
-37.434
20.702
25.944
-37.426
20.695
25.904
-37.401
20.693
25.892
-37.365
20.687
25.874
-37.362
20.678
25.856
-37.367
20.679
25.839
-37.381
20.683
25.815
-37.391
20.684
25.783
-37.4
20.695
25.752
-37.421
20.707
25.723
-37.404
20.714
25.696
-37.377
20.725
25.678
-37.342
20.736
25.664
-37.33
20.727
25.653
-37.347
20.723
25.645
-37.369
20.719
25.634
-37.418
20.702
25.624
-37.441
20.689
25.628
-37.515
20.69
25.635
-37.504
20.679
25.639
-37.522
20.676
25.652
-37.496
20.679
25.663
-37.492
20.671
25.664
-37.46
20.67
25.669
-37.435
20.679
25.672
-37.421
20.68
25.669
-37.472
20.696
25.726
-37.471
20.727
25.885
-37.338
20.766
26.18
-37.038
20.821
26.655
-36.666
20.875
27.276
-36.202
20.917
27.951
-35.693
20.948
28.588
-35.247
20.966
29.115
-34.958
20.967
29.484
-34.729
20.969
29.718
-34.59
20.973
29.841
-34.543
20.981
29.901
-34.533
20.995
29.92
-34.514
21.013
29.902
-34.531
21.025
29.876
-34.511
21.033
29.854
-34.508
21.04
29.834
-34.508
21.042
29.82
-34.539
21.041
29.826
-34.531
21.052
29.828
-34.537
21.069
29.828
-34.514
21.091
29.825
-34.513
21.11
29.833
-34.499
21.131
29.839
-34.486
21.146
29.847
-34.484
21.152
29.849
-34.497
21.149
29.846
-34.51
21.146
29.837
-34.522
21.131
29.82
-34.529
21.111
29.799
-34.537
21.099
29.783
-34.527
21.096
29.771
-34.536
21.083
29.746
-34.561
21.081
29.739
-34.532
21.087
29.729
-34.514
21.087
29.713
-34.522
21.082
29.701
-34.496
21.085
29.698
-34.457
21.095
29.688
-34.476
21.1
29.682
-34.489
21.106
29.676
-34.498
21.11
29.669
-34.498
21.121
29.661
-34.519
21.119
29.657
-34.54
21.124
29.659
-34.531
21.398
29.789
-34.564
21.671
29.918
-34.634
21.944
30.052
-34.695
22.214
30.188
-34.763
22.48
30.331
-34.824
22.48
30.358
-34.835
22.49
30.403
-34.812
22.496
30.457
-34.775
22.511
30.508
-34.758
22.528
30.566
-34.736
22.543
30.621
-34.714
22.525
30.621
-34.863
22.434
30.498
-35.16
22.263
30.218
-35.459
22.048
29.787
-35.799
21.798
29.252
-36.165
21.56
28.694
-36.37
21.385
28.218
-36.395
21.281
27.874
-36.395
21.226
27.655
-36.365
21.197
27.524
-36.313
21.179
27.445
-36.273
21.167
27.393
-36.218
21.151
27.331
-36.234
21.117
27.254
-36.225
21.085
27.187
-36.194
21.057
27.124
-36.156
21.027
27.052
-36.187
21.018
27.011
-36.101
21.021
26.991
-36.068
21.029
26.97
-36.066
21.041
26.956
-36.057
21.055
26.947
-36.028
21.053
26.929
-36.054
21.043
26.919
-36.036
21.032
26.911
-36.015
21.018
26.9
-36.006
21.016
26.896
-35.982
21.02
26.895
-35.966
21.024
26.89
-35.989
21.033
26.887
-35.966
21.036
26.884
-35.923
21.027
26.878
-35.923
21.02
26.876
-35.907
21.022
26.871
-35.88
21.019
26.864
-35.915
21.027
26.863
-35.923
21.036
26.862
-35.904
21.04
26.854
-35.886
21.042
26.854
-35.912
21.049
26.851
-35.916
21.046
26.84
-35.965
21.045
26.833
-35.991
21.049
26.828
-36.01
21.048
26.813
-35.997
21.039
26.807
-35.969
21.032
26.804
-35.98
21.009
26.797
-35.982
20.979
26.8
-35.998
20.958
26.807
-35.97
20.934
26.802
-35.971
20.903
26.8
-35.935
20.881
26.789
-35.932
20.846
26.763
-35.93
20.809
26.741
-35.949
20.78
26.724
-35.927
20.747
26.705
-35.905
20.717
26.699
-35.904
20.696
26.702
-35.864
20.651
26.705
-35.874
20.591
26.721
-35.897
20.54
26.744
-35.883
20.485
26.77
-35.84
20.429
26.805
-35.814
20.403
26.84
-35.744
20.378
26.863
-35.728
20.355
26.888
-35.725
20.338
26.905
-35.71
20.32
26.914
-35.72
20.301
26.926
-35.691
20.295
26.939
-35.64
20.286
26.939
-35.635
20.282
26.945
-35.617
20.287
26.948
-35.585
20.281
26.948
-35.607
20.277
26.955
-35.582
20.285
26.961
-35.529
20.289
26.962
-35.52
20.285
26.968
-35.527
20.298
26.972
-35.519
20.3
26.966
-35.54
20.278
26.956
-35.642
20.235
26.945
-35.713
20.176
26.937
-35.737
20.094
26.936
-35.739
20.056
27.02
-35.653
20.044
27.278
-35.721
20.034
27.765
-35.886
20.029
28.464
-35.853
20.038
29.293
-35.777
20.448
29.811
-35.715
20.847
30.202
-35.418
21.272
30.404
-35.031
21.719
30.417
-34.846
22.175
30.304
-34.746
22.202
30.448
-34.687
22.239
30.574
-34.639
22.277
30.682
-34.6
22.305
30.764
-34.609
22.328
30.834
-34.606
22.343
30.891
-34.622
22.348
30.935
-34.606
22.352
30.968
-34.611
22.358
31.004
-34.613
22.36
31.038
-34.603
22.369
31.065
-34.592
22.376
31.094
-34.626
22.385
31.121
-34.619
22.393
31.138
-34.588
22.402
31.16
-34.578
22.405
31.174
-34.587
22.414
31.174
-34.596
22.421
31.174
-34.606
22.426
31.174
-34.598
22.431
31.17
-34.572
22.442
31.17
-34.556
22.448
31.169
-34.522
22.458
31.166
-34.512
22.466
31.169
-34.499
22.475
31.16
-34.513
22.482
31.15
-34.512
22.486
31.143
-34.507
22.48
31.134
-34.528
22.48
31.112
-34.57
22.449
31.042
-34.757
22.332
30.834
-35.084
22.155
30.498
-35.361
21.937
30.074
-35.608
21.689
29.596
-35.806
21.455
29.126
-35.902
21.303
28.79
-35.816
21.215
28.581
-35.763
21.177
28.456
-35.719
21.169
28.393
-35.705
21.175
28.374
-35.641
21.17
28.316
-35.686
21.144
28.211
-35.755
21.108
28.075
-35.798
21.064
27.9
-35.883
21.018
27.711
-35.96
20.985
27.552
-35.895
20.961
27.426
-35.798
20.936
27.328
-35.73
20.917
27.259
-35.636
20.881
27.199
-35.559
20.842
27.152
-35.52
20.812
27.117
-35.521
20.774
27.086
-35.491
20.734
27.055
-35.51
20.709
27.028
-35.499
20.683
26.996
-35.532
20.658
26.97
-35.521
20.644
26.95
-35.551
20.636
26.936
-35.547
20.629
26.926
-35.567
20.619
26.921
-35.6
20.615
26.908
-35.637
20.611
26.891
-35.654
20.598
26.878
-35.653
20.59
26.865
-35.653
20.58
26.849
-35.603
20.565
26.837
-35.557
20.556
26.835
-35.5
20.555
26.822
-35.486
20.553
26.811
-35.49
20.563
26.807
-35.489
20.567
26.794
-35.544
20.563
26.778
-35.591
20.556
26.775
-35.61
20.547
26.771
-35.588
20.532
26.766
-35.592
20.531
26.768
-35.558
20.527
26.766
-35.549
20.525
26.766
-35.523
20.536
26.773
-35.526
20.551
26.774
-35.535
20.556
26.777
-35.552
20.574
26.783
-35.528
20.589
26.787
-35.561
20.582
26.866
-35.546
20.583
27.096
-35.392
20.599
27.505
-35.113
20.622
28.088
-34.85
20.657
28.787
-34.558
20.7
29.475
-34.278
20.725
30.058
-34.093
20.737
30.488
-34.011
20.737
30.755
-33.853
20.752
30.899
-33.728
20.773
30.991
-33.629
21.018
30.946
-33.635
21.259
30.876
-33.668
21.48
30.781
-33.868
21.662
30.683
-33.944
21.844
30.576
-34.009
21.815
30.57
-34.001
21.791
30.563
-33.973
21.781
30.565
-33.895
21.783
30.578
-33.895
21.788
30.593
-33.881
21.788
30.601
-33.899
21.788
30.61
-33.907
21.796
30.622
-33.892
21.807
30.632
-33.871
21.81
30.643
-33.867
21.812
30.649
-33.863
21.806
30.652
-33.872
21.797
30.651
-33.847
21.79
30.647
-33.833
21.779
30.631
-33.837
21.77
30.611
-33.797
21.765
30.589
-33.766
21.765
30.568
-33.772
21.758
30.549
-33.809
21.759
30.531
-33.817
21.756
30.505
-33.867
21.749
30.481
-33.9
21.74
30.454
-33.926
21.732
30.415
-33.921
21.724
30.379
-33.913
21.724
30.349
-33.896
21.727
30.327
-33.911
21.733
30.318
-33.913
21.74
30.314
-33.929
21.739
30.309
-33.973
21.74
30.313
-33.984
21.743
30.311
-33.985
21.731
30.275
-34.094
21.682
30.156
-34.306
21.594
29.919
-34.588
21.466
29.548
-34.877
21.329
29.07
-35.163
21.193
28.529
-35.417
21.093
28.001
-35.525
21.044
27.548
-35.585
21.05
27.205
-35.69
21.075
26.939
-35.858
21.114
26.745
-36.012
21.172
26.6
-36.206
21.223
26.444
-36.432
21.268
26.282
-36.685
21.309
26.14
-36.942
21.354
25.991
-37.229
21.39
25.867
-37.461
21.428
25.795
-37.662
21.452
25.739
-37.855
21.466
25.698
-37.965
21.477
25.679
-37.991
21.483
25.655
-38.066
21.483
25.636
-38.11
21.49
25.626
-38.092
21.499
25.608
-38.103
21.5
25.591
-38.118
21.499
25.586
-38.131
21.5
25.575
-38.143
21.498
25.561
-38.19
21.504
25.557
-38.171
21.507
25.548
-38.181
21.509
25.535
-38.187
21.515
25.531
-38.187
21.522
25.527
-38.171
21.516
25.519
-38.206
21.52
25.523
-38.192
21.525
25.522
-38.194
21.525
25.518
-38.19
21.522
25.521
-38.173
21.527
25.517
-38.169
21.528
25.51
-38.194
21.536
25.505
-38.198
21.548
25.489
-38.198
21.555
25.47
-38.194
21.561
25.463
-38.173
21.57
25.452
-38.159
21.568
25.442
-38.122
21.561
25.445
-38.118
21.563
25.442
-38.123
21.556
25.433
-38.154
21.551
25.435
-38.152
21.549
25.434
-38.188
21.538
25.431
-38.228
21.533
25.44
-38.242
21.539
25.445
-38.23
21.534
25.448
-38.255
21.532
25.457
-38.281
21.538
25.47
-38.264
21.525
25.485
-38.258
21.499
25.517
-38.251
21.473
25.551
-38.234
21.417
25.592
-38.222
21.346
25.642
-38.21
21.271
25.699
-38.174
21.153
25.771
-38.162
21.002
25.89
-37.958
20.858
26.084
-37.616
20.703
26.322
-37.226
20.554
26.585
-36.812
20.456
26.866
-36.334
20.406
27.178
-35.99
20.396
27.513
-35.795
20.431
27.889
-35.642
20.483
28.302
-35.584
20.542
28.746
-35.555
20.6
29.15
-35.565
20.643
29.492
-35.547
20.67
29.761
-35.536
20.685
29.944
-35.496
20.69
30.046
-35.484
20.686
30.095
-35.49
20.672
30.051
-35.492
20.648
29.957
-35.544
20.625
29.85
-35.574
20.601
29.74
-35.573
20.58
29.604
-35.601
20.545
29.415
-35.687
20.5
29.128
-35.717
20.456
28.759
-35.772
20.424
28.332
-35.861
20.408
27.883
-35.907
20.44
27.466
-35.908
20.518
27.115
-36.007
20.619
26.832
-36.191
20.733
26.589
-36.393
20.852
26.365
-36.689
20.974
26.174
-37.072
21.079
26.008
-37.49
21.176
25.861
-37.877
21.255
25.736
-38.243
21.308
25.64
-38.521
21.327
25.575
-38.748
21.345
25.54
-38.862
21.354
25.515
-38.933
21.363
25.495
-38.952
21.385
25.484
-38.992
21.405
25.469
-39.016
21.415
25.455
-39.06
21.424
25.445
-39.073
21.419
25.428
-39.138
21.405
25.412
-39.178
21.4
25.407
-39.181
21.395
25.396
-39.147
21.394
25.387
-39.144
21.421
25.389
-39.126
21.451
25.381
-39.149
21.474
25.369
-39.169
21.501
25.365
-39.22
21.521
25.358
-39.262
21.529
25.344
-39.323
21.543
25.346
-39.261
21.575
25.344
-39.27
21.598
25.333
-39.355
21.624
25.329
-39.362
21.651
25.32
-39.38
21.67
25.303
-39.494
21.673
25.291
-39.546
21.68
25.282
-39.507
21.677
25.269
-39.565
21.675
25.268
-39.567
21.672
25.265
-39.518
21.665
25.259
-39.524
21.661
25.26
-39.52
21.663
25.264
-39.459
21.661
25.254
-39.477
21.66
25.258
-39.484
21.66
25.26
-39.452
21.657
25.259
-39.458
21.647
25.258
-39.501
21.648
25.262
-39.484
21.644
25.258
-39.512
21.644
25.258
-39.533
21.648
25.263
-39.528
21.659
25.26
-39.514
21.661
25.267
-39.477
21.669
25.271
-39.454
21.674
25.266
-39.418
21.676
25.262
-39.428
21.683
25.261
-39.41
21.687
25.253
-39.431
21.687
25.253
-39.442
21.692
25.263
-39.462
21.694
25.265
-39.437
21.693
25.271
-39.443
21.69
25.278
-39.427
21.69
25.277
-39.387
21.68
25.28
-39.357
21.678
25.293
-39.314
21.67
25.301
-39.292
21.671
25.314
-39.286
21.669
25.328
-39.28
21.674
25.332
-39.296
21.675
25.335
-39.281
21.732
25.366
-38.745
21.776
25.386
-38.258
21.815
25.403
-37.84
21.814
25.421
-37.412
21.771
25.437
-36.972
21.658
25.439
-36.906
21.554
25.45
-36.748
21.455
25.46
-36.624
21.397
25.473
-36.472
21.381
25.485
-36.355
21.389
25.482
-36.359
21.391
25.478
-36.414
21.399
25.48
-36.399
21.402
25.478
-36.396
21.402
25.476
-36.426
21.405
25.483
-36.418
21.404
25.485
-36.424
21.394
25.496
-36.392
21.39
25.52
-36.334
21.382
25.548
-36.264
21.378
25.639
-36.137
21.403
25.855
-35.93
21.452
26.222
-35.555
21.521
26.746
-35.136
21.603
27.384
-34.676
21.679
28.035
-34.244
21.725
28.632
-33.803
21.758
29.119
-33.548
21.771
29.474
-33.329
21.778
29.73
-33.163
21.76
29.901
-33.137
21.713
30.002
-33.147
21.651
30.051
-33.103
21.572
30.023
-33.11
21.482
29.938
-33.12
21.399
29.823
-33.064
21.352
29.706
-32.971
21.314
29.605
-32.971
21.281
29.538
-32.959
21.246
29.477
-32.945
21.22
29.444
-32.905
21.188
29.405
-32.944
21.142
29.339
-32.968
21.09
29.232
-33.055
21.025
29.078
-33.088
20.962
28.936
-33.071
20.912
28.841
-33.04
20.888
28.806
-33.012
20.879
28.841
-32.914
20.899
28.978
-32.834
20.921
29.147
-32.797
20.944
29.311
-32.764
20.964
29.445
-32.701
20.993
29.568
-32.66
21.029
29.677
-32.653
21.073
29.753
-32.646
21.112
29.805
-32.649
21.159
29.855
-32.645
21.21
29.901
-32.651
21.25
29.948
-32.644
21.289
30.007
-32.683
21.33
30.066
-32.703
21.362
30.119
-32.789
21.386
30.175
-32.805
21.416
30.229
-32.812
21.442
30.282
-32.828
21.466
30.346
-32.821
21.49
30.418
-32.769
21.515
30.494
-32.757
21.538
30.591
-32.724
21.563
30.7
-32.674
21.588
30.81
-32.63
21.608
30.923
-32.552
21.628
31.028
-32.481
21.644
31.109
-32.443
21.659
31.175
-32.411
21.674
31.218
-32.383
21.689
31.24
-32.405
21.698
31.255
-32.428
21.7
31.249
-32.452
21.701
31.214
-32.463
21.698
31.17
-32.516
21.688
31.098
-32.533
21.677
30.975
-32.581
21.68
30.717
-32.652
21.842
30.18
-32.154
22.113
29.235
-32.17
22.377
28.117
-32.425
22.616
26.986
-32.707
22.829
25.982
-32.938
22.864
25.284
-33.695
22.784
25.008
-33.895
22.701
24.944
-33.886
22.639
24.956
-33.791
22.602
24.992
-33.706
22.58
25.024
-33.66
22.56
25.057
-33.602
22.551
25.08
-33.554
22.548
25.092
-33.521
22.539
25.104
-33.472
22.533
25.118
-33.403
22.526
25.123
-33.356
22.518
25.131
-33.328
22.512
25.147
-33.288
22.502
25.155
-33.282
22.49
25.161
-33.29
22.483
25.165
-33.332
22.476
25.162
-33.341
22.461
25.158
-33.35
22.454
25.154
-33.364
22.446
25.14
-33.378
22.437
25.127
-33.371
22.435
25.12
-33.373
22.444
25.104
-33.38
22.449
25.086
-33.399
22.461
25.075
-33.394
22.476
25.061
-33.407
22.489
25.04
-33.416
22.495
25.025
-33.428
22.506
25.003
-33.408
22.506
24.984
-33.422
22.521
24.975
-33.417
22.54
24.97
-33.407
22.56
24.964
-33.434
22.575
24.96
-33.469
22.592
24.947
-33.499
22.598
24.94
-33.508
22.611
24.94
-33.517
22.623
24.939
-33.505
22.633
24.941
-33.496
22.644
24.955
-33.467
22.649
24.965
-33.451
22.643
24.978
-33.396
22.642
24.994
-33.373
22.645
25.006
-33.336
22.642
25.01
-33.316
22.65
25.014
-33.289
22.659
25.005
-33.313
22.66
24.992
-33.337
22.672
24.992
-33.333
22.686
24.982
-33.35
22.697
24.965
-33.353
22.724
24.965
-33.313
22.773
24.989
-33.212
22.849
25.047
-33.147
22.977
25.184
-33.032
23.139
25.448
-32.957
23.274
25.899
-32.873
23.368
26.494
-32.568
23.43
27.169
-32.018
23.459
27.848
-31.431
23.456
28.451
-30.803
23.464
28.874
-30.193
23.481
29.122
-29.94
23.445
29.187
-29.94
23.383
29.167
-29.91
23.318
29.098
-29.927
23.253
29.019
-29.943
23.196
28.955
-29.837
23.195
28.951
-29.738
23.202
28.962
-29.757
23.208
28.952
-29.685
23.246
28.926
-29.639
23.298
28.895
-29.709
23.342
28.86
-29.753
23.39
28.817
-29.776
23.427
28.793
-29.888
23.443
28.78
-29.991
23.455
28.773
-30.007
23.471
28.775
-30.044
23.482
28.782
-30.087
23.499
28.788
-30.086
23.507
28.802
-30.071
23.513
28.82
-30.044
23.515
28.828
-30.046
23.523
28.835
-30.033
23.534
28.854
-30.056
23.541
28.864
-30.076
23.546
28.872
-30.101
23.552
28.881
-30.079
23.55
28.891
-30.075
23.55
28.895
-30.065
23.55
28.895
-30.058
23.548
28.889
-30.032
23.548
28.901
-30.027
23.552
28.936
-29.993
23.552
28.99
-29.95
23.558
29.061
-29.87
23.564
29.181
-29.791
23.582
29.319
-29.669
23.595
29.46
-29.575
23.609
29.589
-29.484
23.612
29.708
-29.432
23.614
29.778
-29.404
23.592
29.803
-29.452
23.557
29.761
-29.515
23.482
29.607
-29.659
23.367
29.289
-29.929
23.194
28.821
-30.287
22.987
28.255
-30.697
22.8
27.718
-31.439
22.592
27.202
-32.038
22.374
26.78
-32.522
22.174
26.504
-32.824
21.991
26.325
-33.063
21.764
26.131
-32.968
21.561
26.003
-32.913
21.383
25.918
-32.87
21.218
25.837
-32.904
21.062
25.757
-32.933
20.925
25.701
-32.904
20.809
25.656
-32.934
20.713
25.625
-32.921
20.635
25.592
-32.913
20.561
25.566
-32.885
20.504
25.543
-32.86
20.465
25.53
-32.752
20.439
25.516
-32.717
20.437
25.531
-32.575
20.502
25.611
-32.332
20.664
25.742
-32.097
20.939
25.906
-31.854
21.35
26.175
-31.669
21.828
26.548
-31.713
22.302
26.958
-31.901
22.698
27.386
-32.115
23.001
27.824
-32.349
23.176
28.206
-32.487
23.276
28.48
-32.505
23.345
28.681
-32.461
23.402
28.828
-32.435
23.433
28.933
-32.42
23.457
28.999
-32.396
23.474
29.054
-32.343
23.477
29.088
-32.308
23.479
29.112
-32.251
23.487
29.141
-32.191
23.496
29.169
-32.143
23.504
29.201
-32.137
23.512
29.242
-32.112
23.512
29.293
-32.084
23.52
29.346
-32.091
23.523
29.414
-32.069
23.528
29.486
-32.016
23.542
29.575
-31.955
23.572
29.683
-31.893
23.601
29.803
-31.821
23.644
29.923
-31.737
23.692
30.047
-31.694
23.731
30.157
-31.69
23.768
30.253
-31.682
23.8
30.345
-31.684
23.821
30.425
-31.708
23.84
30.497
-31.704
23.865
30.568
-31.688
23.883
30.633
-31.681
23.903
30.682
-31.658
23.923
30.731
-31.648
23.939
30.769
-31.632
23.953
30.793
-31.613
23.962
30.809
-31.606
23.969
30.817
-31.616
23.973
30.813
-31.633
23.978
30.811
-31.64
23.969
30.796
-31.682
23.961
30.759
-31.721
23.942
30.714
-31.761
23.914
30.658
-31.785
23.884
30.581
-31.819
23.86
30.498
-31.816
23.831
30.419
-31.802
23.81
30.343
-31.803
23.792
30.278
-31.832
23.771
30.232
-31.859
23.746
30.202
-31.874
23.728
30.185
-31.912
23.705
30.173
-31.92
23.684
30.159
-31.903
23.666
30.143
-31.896
23.649
30.125
-31.873
23.633
30.106
-31.854
23.624
30.089
-31.84
23.613
30.074
-31.808
23.605
30.058
-31.784
23.594
30.031
-31.808
23.563
29.931
-31.871
23.488
29.595
-32.217
23.293
28.866
-33.302
23.098
27.808
-34.385
22.88
26.612
-35.547
22.649
25.451
-36.636
22.441
24.524
-37.404
22.344
24
-37.445
22.238
23.823
-37.49
22.154
23.817
-37.407
22.105
23.856
-37.369
22.067
23.908
-37.338
22.047
23.964
-37.299
22.04
24.009
-37.262
22.037
24.049
-37.226
22.035
24.092
-37.172
22.041
24.127
-37.13
22.042
24.154
-37.103
22.045
24.175
-37.061
22.048
24.178
-37.046
22.05
24.169
-37.033
22.06
24.162
-37.029
22.072
24.148
-37.062
22.079
24.132
-37.076
22.093
24.117
-37.086
22.106
24.101
-37.121
22.112
24.081
-37.174
22.121
24.065
-37.19
22.128
24.042
-37.226
22.124
24.018
-37.275
22.129
24.004
-37.254
22.139
23.995
-37.208
22.154
23.986
-37.161
22.183
23.992
-37.119
22.216
23.997
-37.096
22.23
23.997
-37.139
22.244
23.995
-37.231
22.247
23.985
-37.32
22.236
23.965
-37.432
22.218
23.945
-37.47
22.206
23.911
-37.49
22.176
23.862
-37.53
22.146
23.812
-37.521
22.115
23.749
-37.532
22.093
23.676
-37.574
22.083
23.61
-37.567
22.106
23.567
-37.467
22.172
23.566
-37.319
22.285
23.656
-37.162
22.42
23.903
-37.14
22.549
24.315
-37.194
22.664
24.869
-37.201
22.746
25.506
-37.25
22.813
26.152
-37.275
22.869
26.731
-37.106
22.927
27.197
-36.877
22.984
27.545
-36.733
23.037
27.806
-36.634
23.055
28.003
-36.496
23.066
28.135
-36.412
23.081
28.223
-36.277
23.125
28.253
-36.165
23.178
28.25
-36.154
23.241
28.238
-36.169
23.299
28.222
-36.191
23.353
28.207
-36.284
23.373
28.224
-36.337
23.377
28.251
-36.306
23.377
28.27
-36.268
23.375
28.287
-36.253
23.368
28.305
-36.238
23.365
28.315
-36.235
23.364
28.324
-36.233
23.361
28.332
-36.229
23.357
28.337
-36.245
23.354
28.346
-36.241
23.351
28.352
-36.203
23.363
28.343
-36.242
23.379
28.336
-36.269
23.4
28.335
-36.253
23.424
28.33
-36.251
23.449
28.332
-36.303
23.454
28.35
-36.263
23.46
28.373
-36.25
23.466
28.399
-36.253
23.461
28.431
-36.271
23.447
28.45
-36.308
23.452
28.49
-36.222
23.444
28.523
-36.124
23.429
28.549
-36.016
23.416
28.569
-35.885
23.402
28.593
-35.746
23.375
28.59
-35.73
23.354
28.586
-35.718
23.338
28.587
-35.704
23.328
28.578
-35.694
23.319
28.572
-35.698
23.311
28.568
-35.686
23.309
28.555
-35.669
23.305
28.538
-35.69
23.29
28.524
-35.706
23.287
28.501
-35.689
23.277
28.475
-35.716
23.266
28.451
-35.722
23.258
28.419
-35.703
23.261
28.387
-35.707
23.257
28.358
-35.726
23.26
28.323
-35.751
23.258
28.295
-35.801
23.254
28.274
-35.841
23.249
28.25
-35.855
23.246
28.233
-35.849
23.241
28.227
-35.803
23.24
28.216
-35.767
23.244
28.206
-35.756
23
28.506
-35.71
22.758
28.797
-35.659
22.514
29.082
-35.62
22.267
29.371
-35.553
22.018
29.659
-35.444
22.015
29.638
-35.427
22.007
29.623
-35.431
22.005
29.611
-35.421
22.005
29.592
-35.434
22.003
29.577
-35.469
22.004
29.56
-35.465
22.012
29.54
-35.424
22.023
29.515
-35.401
22.053
29.483
-35.341
22.102
29.478
-35.308
22.146
29.492
-35.316
22.181
29.471
-35.341
22.211
29.464
-35.361
22.226
29.485
-35.394
22.228
29.486
-35.406
22.237
29.484
-35.379
22.25
29.534
-35.382
22.261
29.579
-35.394
22.276
29.61
-35.409
22.286
29.638
-35.413
22.286
29.657
-35.418
22.284
29.666
-35.385
22.28
29.669
-35.373
22.264
29.671
-35.378
22.258
29.668
-35.404
22.255
29.67
-35.412
22.25
29.672
-35.438
22.25
29.675
-35.452
22.254
29.679
-35.453
22.249
29.678
-35.454
22.244
29.669
-35.473
22.241
29.666
-35.504
22.229
29.669
-35.514
22.223
29.671
-35.515
22.218
29.681
-35.5
22.218
29.691
-35.49
22.212
29.698
-35.49
22.209
29.705
-35.489
22.188
29.717
-35.501
22.158
29.735
-35.509
22.119
29.769
-35.517
22.076
29.817
-35.497
22.034
29.867
-35.502
21.998
29.929
-35.506
21.973
30.003
-35.52
21.956
30.064
-35.529
21.95
30.121
-35.513
21.949
30.177
-35.495
21.957
30.221
-35.495
21.968
30.258
-35.468
21.977
30.294
-35.457
21.984
30.323
-35.484
21.987
30.351
-35.483
21.991
30.374
-35.481
21.991
30.384
-35.491
21.995
30.395
-35.485
21.999
30.401
-35.465
22.01
30.396
-35.462
22.012
30.397
-35.454
22.01
30.397
-35.457
22.003
30.385
-35.468
22.007
30.386
-35.448
22.011
30.386
-35.48
22.019
30.379
-35.477
22.033
30.375
-35.482
22.046
30.375
-35.471
22.047
30.354
-35.487
22.051
30.336
-35.444
22.064
30.307
-35.438
22.074
30.272
-35.465
22.089
30.233
-35.508
22.108
30.204
-35.536
22.12
30.177
-35.562
22.128
30.169
-35.566
22.136
30.169
-35.55
22.137
30.17
-35.532
22.142
30.166
-35.549
22.148
30.163
-35.568
22.151
30.151
-35.606
22.151
30.14
-35.62
22.15
30.136
-35.631
22.145
30.134
-35.634
22.138
30.132
-35.635
22.13
30.13
-35.615
22.13
30.12
-35.598
22.135
30.11
-35.604
22.138
30.1
-35.604
22.141
30.09
-35.597
22.145
30.086
-35.617
22.134
30.092
-35.606
22.118
30.1
-35.586
22.1
30.115
-35.592
22.077
30.14
-35.613
22.046
30.149
-35.631
22.018
30.165
-35.681
21.976
30.168
-35.71
21.933
30.167
-35.717
21.893
30.161
-35.709
21.852
30.176
-35.703
21.816
30.178
-35.686
21.799
30.191
-35.683
21.784
30.213
-35.67
21.773
30.23
-35.665
21.775
30.246
-35.678
21.78
30.267
-35.677
21.791
30.282
-35.67
21.805
30.291
-35.651
21.819
30.297
-35.645
21.825
30.291
-35.62
21.83
30.277
-35.626
21.828
30.268
-35.631
21.824
30.253
-35.661
21.821
30.235
-35.684
21.818
30.223
-35.71
21.808
30.212
-35.737
21.804
30.196
-35.754
21.8
30.188
-35.791
21.791
30.176
-35.8
21.788
30.158
-35.793
21.795
30.144
-35.774
21.797
30.127
-35.742
21.803
30.092
-35.721
21.814
30.065
-35.746
21.818
30.039
-35.751
21.817
30.007
-35.753
21.82
29.985
-35.795
21.817
29.973
-35.797
21.815
29.957
-35.756
21.816
29.945
-35.749
21.816
29.932
-35.734
21.816
29.914
-35.72
21.811
29.902
-35.71
21.806
29.887
-35.746
21.801
29.865
-35.763
21.802
29.85
-35.795
21.798
29.834
-35.79
21.8
29.811
-35.801
21.798
29.793
-35.805
21.793
29.775
-35.82
21.786
29.748
-35.834
21.784
29.731
-35.855
21.788
29.712
-35.837
21.805
29.681
-35.796
21.838
29.652
-35.781
21.885
29.647
-35.723
21.966
29.656
-35.635
22.041
29.689
-35.602
22.107
29.737
-35.565
22.156
29.794
-35.533
22.196
29.839
-35.517
22.198
29.868
-35.552
22.202
29.88
-35.573
22.206
29.894
-35.596
22.213
29.909
-35.576
22.213
29.923
-35.587
22.207
29.93
-35.611
22.193
29.936
-35.606
22.181
29.933
-35.604
22.17
29.929
-35.584
22.158
29.918
-35.6
22.149
29.91
-35.589
22.144
29.908
-35.604
22.135
29.916
-35.61
22.126
29.918
-35.654
22.119
29.925
-35.662
22.117
29.939
-35.661
22.119
29.95
-35.641
22.12
29.96
-35.646
22.112
29.965
-35.652
22.108
29.961
-35.646
22.097
29.944
-35.663
22.067
29.941
-35.722
22.044
29.93
-35.681
22.041
29.915
-35.587
22.042
29.917
-35.491
22.05
29.929
-35.385
22.073
29.932
-35.249
22.095
29.943
-35.222
22.11
29.964
-35.234
22.118
29.979
-35.264
22.129
30
-35.28
22.145
30.016
-35.288
22.158
30.029
-35.296
22.171
30.05
-35.29
22.178
30.065
-35.276
22.181
30.071
-35.278
22.185
30.077
-35.257
22.188
30.073
-35.237
22.185
30.06
-35.243
22.19
30.049
-35.224
22.196
30.035
-35.207
22.194
30.023
-35.234
22.193
30.019
-35.245
22.188
30.008
-35.268
22.179
29.997
-35.317
22.134
29.909
-35.315
22.092
29.811
-35.319
22.05
29.711
-35.307
22.013
29.62
-35.285
21.974
29.525
-35.224
21.971
29.504
-35.219
21.968
29.484
-35.209
21.961
29.455
-35.21
21.955
29.417
-35.21
21.939
29.371
-35.253
21.928
29.333
-35.264
21.93
29.26
-35.176
21.93
29.191
-35.107
21.929
29.126
-35.036
21.939
29.07
-34.961
21.94
29.016
-34.902
21.929
29
-34.94
21.92
28.989
-34.95
21.915
28.981
-34.961
21.914
28.969
-34.986
21.916
28.956
-35.018
21.919
28.951
-35.015
21.919
28.945
-35.002
21.92
28.939
-34.997
21.92
28.945
-34.984
21.922
28.948
-34.974
21.927
28.939
-34.973
21.937
28.935
-35.006
21.947
28.931
-35.024
21.951
28.918
-35.057
21.956
28.908
-35.087
21.96
28.896
-35.109
21.961
28.878
-35.131
21.965
28.866
-35.14
21.971
28.858
-35.107
21.981
28.844
-35.101
21.992
28.846
-35.1
22.004
28.852
-35.104
22.016
28.852
-35.13
22.027
28.859
-35.163
22.035
28.878
-35.156
22.039
28.894
-35.149
22.053
28.932
-35.149
22.06
28.978
-35.178
22.095
29.059
-35.193
22.125
29.161
-35.264
22.161
29.275
-35.317
22.191
29.367
-35.379
22.233
29.46
-35.419
22.253
29.513
-35.479
22.276
29.535
-35.509
22.288
29.542
-35.569
22.296
29.538
-35.618
22.295
29.508
-35.64
22.289
29.465
-35.671
22.288
29.415
-35.675
22.288
29.352
-35.688
22.291
29.301
-35.685
22.293
29.265
-35.704
22.296
29.234
-35.718
22.293
29.213
-35.741
22.293
29.195
-35.784
22.289
29.17
-35.8
22.284
29.15
-35.784
22.279
29.135
-35.782
22.276
29.117
-35.787
22.275
29.104
-35.776
22.272
29.097
-35.775
22.269
29.08
-35.793
22.268
29.064
-35.814
22.261
29.052
-35.83
22.255
29.027
-35.816
22.248
28.998
-35.824
22.248
28.991
-35.823
22.258
28.979
-35.78
22.3
28.877
-35.766
22.37
28.672
-35.894
22.479
28.488
-36.001
22.605
28.395
-36.073
22.723
28.431
-36.091
22.826
28.623
-36.034
22.903
28.988
-35.864
22.947
29.367
-35.675
22.969
29.663
-35.539
22.991
29.856
-35.47
22.996
30.009
-35.473
22.992
30.125
-35.451
22.992
30.219
-35.453
22.986
30.297
-35.486
22.977
30.355
-35.526
22.977
30.394
-35.525
22.978
30.41
-35.556
22.973
30.419
-35.561
22.976
30.429
-35.519
22.978
30.44
-35.499
22.974
30.442
-35.491
22.971
30.449
-35.477
22.967
30.458
-35.488
22.959
30.458
-35.5
22.921
30.415
-35.677
22.939
30.34
-35.94
22.865
30.158
-36.218
22.701
29.874
-36.476
22.49
29.553
-36.544
22.299
29.265
-36.388
22.051
29.006
-36.131
21.897
28.85
-35.857
21.833
28.784
-35.599
21.818
28.757
-35.556
21.811
28.744
-35.53
21.804
28.729
-35.53
21.8
28.718
-35.521
21.8
28.722
-35.502
21.799
28.726
-35.476
21.799
28.725
-35.478
21.8
28.728
-35.479
21.791
28.722
-35.476
21.781
28.704
-35.468
21.786
28.673
-35.436
21.794
28.636
-35.432
21.804
28.6
-35.4
21.821
28.565
-35.396
21.838
28.528
-35.407
21.84
28.494
-35.44
21.837
28.463
-35.461
21.835
28.423
-35.494
21.836
28.384
-35.48
21.834
28.344
-35.491
21.832
28.305
-35.467
21.832
28.261
-35.434
21.829
28.223
-35.408
21.82
28.183
-35.39
21.811
28.142
-35.356
21.794
28.102
-35.37
21.782
28.07
-35.375
21.772
28.04
-35.375
21.762
28.02
-35.415
21.761
28.007
-35.437
21.768
27.998
-35.422
21.772
27.998
-35.412
21.772
27.995
-35.393
21.774
27.981
-35.38
21.769
27.97
-35.363
21.765
27.958
-35.389
21.761
27.935
-35.399
21.759
27.917
-35.432
21.753
27.905
-35.431
21.754
27.888
-35.443
21.751
27.881
-35.424
21.759
27.874
-35.419
21.768
27.863
-35.425
21.789
27.864
-35.433
21.803
27.868
-35.436
21.819
27.868
-35.426
21.822
27.88
-35.424
21.826
27.899
-35.385
21.822
27.916
-35.395
21.82
27.939
-35.405
21.816
27.967
-35.439
21.812
27.985
-35.474
21.809
28.004
-35.515
21.809
28.015
-35.503
21.813
28.015
-35.503
21.815
28.004
-35.515
21.814
27.993
-35.521
21.813
27.976
-35.522
21.806
27.956
-35.583
21.798
27.936
-35.66
21.799
27.922
-35.707
21.806
27.905
-35.763
21.811
27.887
-35.833
21.819
27.876
-35.858
21.824
27.873
-35.829
21.819
27.865
-35.852
21.806
27.866
-35.86
21.799
27.86
-35.852
21.792
27.859
-35.85
21.792
27.861
-35.848
21.794
27.861
-35.82
21.809
27.861
-35.812
21.822
27.868
-35.814
21.834
27.864
-35.816
21.843
27.863
-35.845
21.855
27.871
-35.861
21.858
27.874
-35.88
21.857
27.882
-35.879
21.858
27.897
-35.861
21.856
27.908
-35.839
21.854
27.922
-35.809
21.864
27.944
-35.751
21.877
27.963
-35.743
21.894
27.981
-35.716
21.913
28.007
-35.721
21.932
28.029
-35.731
21.955
28.081
-35.728
21.979
28.16
-35.734
22.011
28.262
-35.786
22.044
28.371
-35.849
22.087
28.492
-35.932
22.128
28.583
-36.045
22.171
28.694
-35.873
22.199
28.788
-35.67
22.226
28.868
-35.441
22.24
28.934
-35.218
22.242
29.004
-34.963
22.244
29.027
-34.951
22.247
29.037
-34.984
22.254
29.045
-34.991
22.265
29.043
-34.985
22.275
29.021
-35.005
22.276
28.994
-35.035
22.271
28.956
-35.025
22.258
28.907
-35.044
22.243
28.868
-35.065
22.226
28.837
-35.089
22.214
28.815
-35.126
22.203
28.813
-35.157
22.196
28.822
-35.193
22.19
28.823
-35.238
22.184
28.831
-35.248
22.177
28.833
-35.236
22.167
28.826
-35.216
22.151
28.816
-35.203
22.128
28.812
-35.168
22.103
28.794
-35.177
22.074
28.768
-35.167
22.045
28.729
-35.177
22.024
28.692
-35.164
22
28.653
-35.16
21.98
28.626
-35.131
21.964
28.611
-35.127
21.957
28.614
-35.142
21.946
28.616
-35.138
21.944
28.615
-35.125
21.941
28.611
-35.117
21.937
28.609
-35.128
21.93
28.604
-35.12
21.932
28.611
-35.124
21.926
28.627
-35.141
21.921
28.648
-35.17
21.918
28.673
-35.178
21.912
28.709
-35.179
21.901
28.734
-35.192
21.891
28.774
-35.192
21.879
28.83
-35.159
21.861
28.885
-35.141
21.846
28.946
-35.1
21.841
29.013
-35.078
21.843
29.071
-35.056
21.851
29.13
-35.038
21.868
29.194
-35.003
21.887
29.254
-35.001
21.906
29.322
-34.982
21.923
29.397
-34.948
21.943
29.46
-34.925
21.958
29.52
-34.931
21.972
29.578
-34.916
21.979
29.621
-34.918
21.988
29.656
-34.932
21.992
29.687
-34.955
22
29.705
-34.955
22.007
29.721
-34.969
22.008
29.738
-34.969
22.005
29.735
-34.996
22.002
29.732
-35.013
21.988
29.725
-35.023
21.968
29.699
-35.066
21.941
29.67
-35.102
21.917
29.634
-35.095
21.892
29.57
-35.103
21.874
29.495
-35.13
21.859
29.413
-35.133
21.857
29.32
-35.13
21.86
29.236
-35.165
21.866
29.183
-35.2
21.878
29.141
-35.178
21.9
29.114
-35.165
21.918
29.101
-35.162
21.936
29.093
-35.141
21.954
29.087
-35.122
21.972
29.099
-35.125
21.987
29.122
-35.094
22.006
29.158
-35.063
22.026
29.21
-35.024
22.051
29.266
-34.976
22.077
29.321
-34.976
22.1
29.393
-34.984
22.125
29.472
-34.962
22.154
29.559
-34.942
22.174
29.656
-34.917
22.191
29.75
-34.876
22.219
29.841
-34.851
22.243
29.934
-34.82
22.253
30.014
-34.814
22.27
30.084
-34.814
22.283
30.16
-34.768
22.284
30.226
-34.732
22.287
30.273
-34.718
22.297
30.319
-34.677
22.304
30.355
-34.654
22.26
30.226
-34.948
22.22
30.092
-35.23
22.174
29.953
-35.521
22.122
29.798
-35.814
22.064
29.633
-36.096
22.047
29.591
-36.109
22.026
29.502
-36.135
22.006
29.333
-36.127
22.045
28.845
-35.717
22.181
27.921
-35.547
22.354
26.816
-35.611
22.555
25.724
-35.586
22.814
24.76
-35.618
23.058
24.238
-36.122
23.233
24.296
-36.334
23.403
24.69
-36.187
23.561
25.235
-36.045
23.685
25.813
-35.811
23.784
26.339
-35.493
23.861
26.781
-35.199
23.916
27.118
-34.977
23.963
27.365
-34.852
23.987
27.562
-34.787
23.997
27.706
-34.717
24.004
27.821
-34.665
24.011
27.934
-34.645
24.01
28.05
-34.573
24.012
28.16
-34.513
24.015
28.295
-34.439
24.023
28.448
-34.359
24.034
28.613
-34.278
24.05
28.782
-34.213
24.07
28.959
-34.145
24.097
29.128
-34.125
24.128
29.284
-34.093
24.159
29.417
-34.062
24.194
29.532
-34.048
24.228
29.628
-34.035
24.253
29.703
-34.009
24.269
29.758
-34.003
24.285
29.801
-34.036
24.294
29.831
-34.037
24.303
29.846
-34.037
24.314
29.85
-34.046
24.318
29.847
-34.04
24.319
29.835
-34.014
24.32
29.823
-34.014
24.314
29.81
-33.991
24.3
29.785
-33.988
24.288
29.764
-34.003
24.275
29.744
-34.007
24.265
29.713
-33.997
24.259
29.676
-34.025
24.248
29.647
-34.018
24.241
29.604
-34.018
24.237
29.561
-34.031
24.221
29.514
-34.057
24.2
29.463
-34.085
24.187
29.414
-34.131
24.166
29.362
-34.139
24.149
29.29
-34.151
24.145
29.213
-34.172
24.142
29.136
-34.163
24.141
29.047
-34.15
24.143
28.965
-34.191
24.138
28.899
-34.211
24.128
28.843
-34.218
24.12
28.796
-34.239
24.11
28.768
-34.252
24.104
28.747
-34.233
24.105
28.734
-34.225
24.106
28.736
-34.214
24.107
28.737
-34.221
24.105
28.735
-34.23
24.107
28.74
-34.249
24.104
28.742
-34.262
24.105
28.736
-34.285
24.104
28.737
-34.289
24.115
28.731
-34.281
24.121
28.721
-34.275
24.134
28.719
-34.283
24.144
28.724
-34.253
24.16
28.731
-34.235
24.172
28.76
-34.209
24.187
28.805
-34.179
24.207
28.872
-34.137
24.224
28.953
-34.089
24.24
29.048
-34.038
24.262
29.152
-33.993
24.28
29.262
-33.939
24.299
29.356
-33.894
24.324
29.447
-33.876
24.35
29.528
-33.836
24.364
29.589
-33.836
24.383
29.634
-33.827
24.393
29.676
-33.818
24.395
29.702
-33.82
24.391
29.717
-33.858
24.39
29.731
-33.855
24.381
29.736
-33.863
23.928
29.89
-34.157
23.477
30.046
-34.453
23.023
30.197
-34.739
22.572
30.346
-35.042
22.121
30.498
-35.34
22.118
30.49
-35.345
22.116
30.479
-35.348
22.118
30.471
-35.326
22.11
30.458
-35.329
22.108
30.442
-35.333
22.106
30.432
-35.321
22.1
30.417
-35.319
22.095
30.403
-35.351
22.1
30.393
-35.349
22.1
30.38
-35.349
22.1
30.365
-35.406
22.1
30.358
-35.456
22.094
30.337
-35.439
22.08
30.291
-35.45
22.064
30.228
-35.484
22.04
30.145
-35.498
22.02
30.042
-35.517
21.998
29.947
-35.564
21.983
29.864
-35.608
21.972
29.793
-35.65
21.964
29.747
-35.673
21.954
29.716
-35.684
21.954
29.687
-35.721
21.954
29.673
-35.731
21.946
29.666
-35.733
21.944
29.656
-35.729
21.948
29.649
-35.727
21.952
29.644
-35.701
21.953
29.636
-35.732
21.957
29.634
-35.758
21.956
29.632
-35.799
21.95
29.629
-35.832
21.939
29.628
-35.889
21.921
29.623
-35.914
21.895
29.613
-35.947
21.875
29.606
-35.979
21.861
29.599
-35.999
21.844
29.59
-36.033
21.84
29.591
-36.027
21.849
29.596
-36.011
21.86
29.6
-35.991
21.863
29.611
-35.984
21.874
29.627
-35.933
21.889
29.642
-35.925
21.897
29.662
-35.914
21.905
29.679
-35.897
21.916
29.689
-35.871
21.926
29.698
-35.848
21.936
29.693
-35.821
21.948
29.672
-35.815
21.948
29.647
-35.83
21.942
29.608
-35.851
21.94
29.554
-35.903
21.931
29.494
-35.935
21.916
29.445
-35.979
21.913
29.421
-36.018
21.921
29.357
-35.938
21.928
29.315
-35.818
21.932
29.298
-35.707
21.941
29.295
-35.546
21.944
29.28
-35.364
21.941
29.325
-35.304
21.934
29.37
-35.282
21.929
29.404
-35.262
21.922
29.418
-35.283
21.912
29.427
-35.301
21.902
29.431
-35.332
21.891
29.423
-35.345
21.878
29.413
-35.378
21.87
29.404
-35.387
21.868
29.386
-35.401
21.87
29.368
-35.408
21.865
29.355
-35.438
21.859
29.346
-35.445
21.848
29.346
-35.431
21.835
29.349
-35.397
21.813
29.36
-35.352
21.783
29.366
-35.306
21.746
29.362
-35.254
21.701
29.351
-35.223
21.653
29.334
-35.205
21.614
29.307
-35.175
21.581
29.281
-35.125
21.553
29.259
-35.072
21.534
29.231
-34.999
21.518
29.205
-34.944
21.504
29.182
-34.899
21.494
29.158
-34.875
21.478
29.125
-34.894
21.457
29.089
-34.96
21.441
29.057
-34.986
21.422
29.022
-35.043
21.411
28.996
-35.082
21.411
28.979
-35.097
21.416
28.969
-35.071
21.552
29.307
-35.211
21.689
29.65
-35.337
21.823
29.986
-35.472
21.95
30.321
-35.609
22.081
30.653
-35.776
22.076
30.636
-35.786
22.075
30.618
-35.773
22.078
30.606
-35.754
22.085
30.598
-35.718
22.094
30.605
-35.662
22.122
30.633
-35.601
22.163
30.693
-35.585
22.205
30.794
-35.588
22.261
30.937
-35.586
22.317
31.111
-35.554
22.37
31.289
-35.56
22.414
31.451
-35.533
22.449
31.58
-35.476
22.469
31.67
-35.442
22.488
31.727
-35.434
22.493
31.757
-35.418
22.49
31.763
-35.402
22.484
31.739
-35.422
22.474
31.696
-35.428
22.454
31.632
-35.422
22.425
31.541
-35.407
22.392
31.418
-35.408
22.348
31.26
-35.433
22.286
31.074
-35.403
22.22
30.885
-35.399
22.149
30.709
-35.399
22.075
30.557
-35.381
22.016
30.453
-35.333
21.97
30.386
-35.357
21.937
30.347
-35.333
21.911
30.314
-35.354
21.887
30.289
-35.355
21.861
30.268
-35.353
21.844
30.252
-35.325
21.826
30.228
-35.353
21.823
30.23
-35.309
21.821
30.231
-35.331
21.82
30.222
-35.332
21.817
30.217
-35.34
21.821
30.215
-35.345
21.812
30.198
-35.386
21.813
30.19
-35.358
21.819
30.196
-35.343
21.822
30.191
-35.349
21.822
30.191
-35.317
21.831
30.188
-35.293
21.839
30.184
-35.326
21.839
30.176
-35.341
21.841
30.168
-35.333
21.837
30.146
-35.367
21.837
30.136
-35.364
21.829
30.124
-35.387
21.825
30.113
-35.389
21.832
30.12
-35.372
21.844
30.127
-35.373
21.849
30.129
-35.375
21.867
30.147
-35.318
21.894
30.165
-35.352
21.913
30.175
-35.371
21.95
30.215
-35.325
22.009
30.281
-35.32
22.065
30.366
-35.374
22.125
30.49
-35.413
22.186
30.647
-35.488
22.231
30.827
-35.566
22.256
31.029
-35.6
22.282
31.231
-35.589
22.302
31.403
-35.552
22.322
31.558
-35.515
22.341
31.676
-35.521
22.362
31.743
-35.54
22.376
31.786
-35.542
22.392
31.828
-35.536
22.402
31.842
-35.517
22.413
31.844
-35.488
22.421
31.831
-35.479
22.426
31.801
-35.498
22.42
31.756
-35.537
22.402
31.705
-35.577
22.368
31.63
-35.598
22.313
31.523
-35.635
22.244
31.38
-35.672
22.16
31.192
-35.669
22.062
30.966
-35.637
21.964
30.725
-35.592
21.86
30.485
-35.536
21.755
30.284
-35.442
21.667
30.134
-35.365
21.593
30.017
-35.338
21.528
29.941
-35.299
21.484
29.907
-35.238
21.453
29.881
-35.186
21.429
29.866
-35.143
21.412
29.865
-35.117
21.382
29.844
-35.13
21.494
29.962
-33.685
21.622
30.09
-32.207
21.753
30.234
-30.689
21.893
30.385
-29.171
22.042
30.543
-27.707
22.046
30.564
-27.678
22.055
30.6
-27.631
22.063
30.62
-27.654
22.054
30.625
-27.668
22.054
30.641
-27.603
22.059
30.656
-27.615
22.054
30.657
-27.624
22.062
30.678
-27.542
22.082
30.705
-27.498
22.11
30.737
-27.411
22.165
30.802
-27.2
22.242
30.888
-27.039
22.323
30.97
-26.908
22.419
31.079
-26.719
22.528
31.202
-26.614
22.615
31.312
-26.612
22.683
31.409
-26.611
22.741
31.491
-26.623
22.783
31.558
-26.633
22.809
31.619
-26.606
22.827
31.666
-26.58
22.834
31.692
-26.561
22.835
31.708
-26.558
22.836
31.715
-26.562
22.837
31.705
-26.583
22.838
31.687
-26.569
22.839
31.666
-26.557
22.837
31.639
-26.517
22.832
31.609
-26.498
22.832
31.59
-26.47
22.833
31.567
-26.486
22.833
31.55
-26.506
22.833
31.54
-26.53
22.837
31.532
-26.533
22.833
31.515
-26.553
22.829
31.506
-26.551
22.823
31.481
-26.572
22.795
31.426
-26.636
22.739
31.322
-26.807
22.655
31.167
-26.938
22.561
30.997
-27.057
22.452
30.821
-27.154
22.341
30.658
-27.258
22.244
30.53
-27.297
22.161
30.45
-27.346
22.08
30.383
-27.391
22.011
30.338
-27.453
21.956
30.298
-27.504
21.909
30.269
-27.503
21.864
30.252
-27.547
21.84
30.241
-27.576
21.819
30.222
-27.611
21.799
30.209
-27.657
21.781
30.198
-27.715
21.779
30.192
-27.724
21.764
30.185
-27.769
21.759
30.191
-27.775
21.755
30.189
-27.78
21.736
30.16
-27.812
21.698
30.09
-27.884
21.667
30.02
-27.882
21.635
29.965
-27.94
21.621
29.937
-27.941
21.625
29.93
-27.946
21.631
29.942
-27.964
21.631
29.942
-28.029
21.628
29.93
-27.976
21.637
29.928
-27.944
21.661
29.951
-27.885
21.726
30.006
-27.731
21.833
30.098
-27.566
21.984
30.23
-27.446
22.156
30.367
-27.32
22.35
30.517
-27.149
22.538
30.676
-27.082
22.698
30.817
-27.079
22.821
30.928
-27.091
22.92
31.032
-27.098
22.987
31.103
-27.166
23.033
31.155
-27.195
23.062
31.182
-27.296
23.021
31.116
-27.616
22.903
30.909
-28.01
22.743
30.579
-28.367
22.567
30.128
-28.75
22.394
29.59
-29.072
22.281
29.06
-29.235
22.235
28.62
-29.356
22.236
28.298
-29.499
22.25
28.077
-29.607
22.277
27.935
-29.671
22.3
27.838
-29.743
22.32
27.765
-29.747
22.338
27.698
-29.745
22.353
27.634
-29.77
22.195
27.364
-31.337
22.039
27.11
-32.818
21.872
26.853
-34.379
21.704
26.599
-35.934
21.544
26.346
-37.494
21.543
26.305
-37.55
21.533
26.268
-37.62
21.536
26.231
-37.628
21.529
26.184
-37.66
21.509
26.143
-37.679
21.491
26.112
-37.67
21.481
26.081
-37.649
21.458
26.034
-37.668
21.452
25.989
-37.671
21.453
25.946
-37.666
21.459
25.898
-37.7
21.47
25.861
-37.772
21.483
25.839
-37.812
21.484
25.83
-37.829
21.493
25.824
-37.853
21.498
25.825
-37.819
21.494
25.832
-37.795
21.498
25.848
-37.77
21.501
25.864
-37.751
21.496
25.884
-37.744
21.491
25.902
-37.736
21.492
25.9
-37.718
21.488
25.893
-37.728
21.493
25.887
-37.749
21.496
25.876
-37.734
21.498
25.867
-37.757
21.497
25.869
-37.746
21.497
25.867
-37.745
21.486
25.863
-37.778
21.481
25.865
-37.794
21.473
25.858
-37.787
21.426
25.836
-37.982
21.308
25.817
-38.026
21.136
25.77
-37.915
20.924
25.691
-37.692
20.752
25.66
-37.305
20.666
25.746
-36.716
20.681
25.974
-36.25
20.784
26.349
-35.949
20.924
26.87
-35.787
21.029
27.472
-35.725
21.1
28.054
-35.687
21.147
28.55
-35.65
21.169
28.965
-35.565
21.192
29.285
-35.45
21.235
29.513
-35.303
21.272
29.685
-35.222
21.307
29.832
-35.124
21.339
29.963
-35.013
21.379
30.106
-34.945
21.409
30.27
-34.949
21.441
30.449
-34.887
21.477
30.638
-34.884
21.512
30.836
-34.884
21.535
31.015
-34.898
21.55
31.164
-34.939
21.548
31.294
-34.971
21.54
31.406
-34.913
21.535
31.499
-34.895
21.544
31.585
-34.858
21.55
31.659
-34.82
21.563
31.713
-34.801
21.58
31.757
-34.819
21.588
31.789
-34.82
21.587
31.817
-34.832
21.593
31.843
-34.84
21.597
31.87
-34.82
21.595
31.886
-34.823
21.601
31.909
-34.825
21.613
31.927
-34.814
21.616
31.943
-34.809
21.621
31.958
-34.821
21.629
31.983
-34.801
21.634
31.995
-34.804
21.633
32.005
-34.819
21.633
32.013
-34.812
21.636
32.013
-34.816
21.641
32.009
-34.831
21.641
32.007
-34.818
21.649
32
-34.815
21.659
31.995
-34.814
21.663
31.986
-34.814
21.663
31.97
-34.82
21.668
31.948
-34.843
21.659
31.925
-34.849
21.655
31.887
-34.868
21.65
31.845
-34.887
21.648
31.782
-34.891
21.639
31.669
-34.922
21.64
31.49
-34.947
21.649
31.157
-34.873
21.778
30.536
-34.331
22.006
29.574
-34.022
22.242
28.411
-33.936
22.437
27.196
-33.834
22.634
26.104
-33.75
22.776
25.307
-34.11
22.872
24.873
-34.337
23.003
24.706
-34.346
23.19
24.675
-34.414
23.373
24.7
-34.596
23.503
24.756
-34.773
23.596
24.839
-34.841
23.659
24.925
-34.887
23.712
25.014
-34.884
23.767
25.106
-34.82
23.817
25.172
-34.876
23.855
25.222
-34.99
23.911
25.292
-35.079
23.969
25.389
-35.192
24.023
25.517
-35.378
24.093
25.682
-35.461
24.168
25.86
-35.519
24.232
26.034
-35.582
24.288
26.183
-35.6
24.335
26.291
-35.599
24.362
26.37
-35.589
24.389
26.432
-35.544
24.413
26.456
-35.522
24.437
26.467
-35.555
24.46
26.475
-35.561
24.484
26.473
-35.589
24.499
26.467
-35.631
24.507
26.47
-35.646
24.515
26.467
-35.655
24.517
26.458
-35.675
24.521
26.449
-35.667
24.518
26.438
-35.697
24.506
26.426
-35.75
24.486
26.421
-35.745
24.471
26.401
-35.747
24.448
26.366
-35.785
24.43
26.312
-35.825
24.409
26.227
-35.866
24.382
26.109
-35.956
24.357
25.979
-35.967
24.319
25.838
-35.967
24.272
25.696
-35.968
24.226
25.561
-35.967
24.182
25.451
-35.905
24.134
25.368
-35.895
24.103
25.309
-35.884
24.077
25.265
-35.886
24.053
25.247
-35.836
24.041
25.237
-35.826
24.028
25.224
-35.818
24.009
25.216
-35.793
23.994
25.215
-35.709
23.985
25.211
-35.68
23.97
25.203
-35.663
23.96
25.198
-35.65
23.951
25.182
-35.665
23.946
25.162
-35.703
23.947
25.151
-35.692
23.951
25.138
-35.686
23.951
25.126
-35.678
23.958
25.124
-35.644
23.964
25.145
-35.613
23.961
25.236
-35.566
23.956
25.414
-35.348
23.968
25.69
-34.969
23.998
26.141
-34.491
24.067
26.755
-34.002
24.175
27.412
-33.527
24.318
28.064
-33.241
24.469
28.68
-33.088
24.607
29.15
-33.01
24.719
29.467
-32.952
24.795
29.683
-32.915
24.834
29.823
-32.86
24.869
29.903
-32.815
24.902
29.95
-32.817
24.922
29.967
-32.801
24.952
29.965
-32.821
24.986
29.961
-32.819
25.012
29.952
-32.787
25.043
29.934
-32.781
25.069
29.907
-32.783
25.088
29.869
-32.771
25.094
29.774
-32.877
25.023
29.508
-33.452
24.858
29.015
-33.849
24.698
28.387
-34.303
24.567
27.762
-34.726
24.484
27.245
-35.105
24.493
26.995
-35.056
24.61
27.086
-35.104
24.762
27.398
-35.122
24.917
27.782
-35.173
25.065
28.158
-35.168
25.213
28.468
-35.161
25.347
28.695
-35.199
25.442
28.862
-35.178
25.503
28.977
-35.161
25.538
29.057
-35.135
24.873
29.275
-35.258
24.193
29.479
-35.345
23.516
29.68
-35.433
22.833
29.886
-35.506
22.148
30.089
-35.571
22.147
30.128
-35.507
22.148
30.162
-35.467
22.148
30.176
-35.442
22.153
30.178
-35.413
22.16
30.173
-35.371
22.155
30.158
-35.352
22.148
30.139
-35.353
22.136
30.121
-35.375
22.123
30.094
-35.416
22.104
30.055
-35.489
22.084
30.018
-35.56
22.071
29.977
-35.601
22.062
29.928
-35.661
22.044
29.875
-35.705
22.02
29.808
-35.722
21.99
29.722
-35.712
21.956
29.625
-35.693
21.918
29.532
-35.623
21.886
29.442
-35.562
21.862
29.377
-35.511
21.849
29.332
-35.445
21.837
29.307
-35.398
21.829
29.293
-35.346
21.828
29.292
-35.285
21.826
29.293
-35.245
21.825
29.302
-35.219
21.825
29.311
-35.186
21.829
29.328
-35.162
21.832
29.349
-35.166
21.838
29.374
-35.161
21.844
29.399
-35.15
21.851
29.423
-35.143
21.857
29.433
-35.177
21.86
29.432
-35.196
21.868
29.435
-35.199
21.88
29.434
-35.221
21.895
29.434
-35.243
21.921
29.455
-35.232
21.965
29.507
-35.21
22.008
29.575
-35.233
22.047
29.678
-35.288
22.077
29.8
-35.371
22.096
29.923
-35.472
22.096
30.039
-35.548
22.09
30.14
-35.569
22.092
30.214
-35.528
22.098
30.278
-35.502
22.103
30.326
-35.486
22.115
30.36
-35.455
22.129
30.388
-35.455
22.128
30.408
-35.467
22.126
30.409
-35.455
22.118
30.394
-35.464
22.087
30.358
-35.492
22.046
30.286
-35.522
22.009
30.178
-35.534
21.956
30.036
-35.527
21.901
29.867
-35.493
21.858
29.695
-35.444
21.823
29.534
-35.366
21.789
29.401
-35.3
21.768
29.299
-35.252
21.759
29.226
-35.184
21.749
29.165
-35.175
21.742
29.128
-35.169
21.734
29.094
-35.176
21.732
29.066
-35.16
21.724
29.049
-35.157
21.721
29.035
-35.142
21.714
29.016
-35.162
21.713
29.005
-35.151
21.705
28.997
-35.173
21.697
28.985
-35.168
21.687
28.978
-35.134
21.686
28.972
-35.103
21.684
28.965
-35.091
21.684
28.963
-35.064
21.692
28.965
-35.062
21.703
28.966
-35.089
21.71
28.974
-35.106
21.715
28.984
-35.107
21.722
28.989
-35.114
21.723
28.993
-35.134
21.725
29.001
-35.139
21.724
29.006
-35.14
21.724
29.019
-35.149
21.733
29.046
-35.135
21.75
29.088
-35.112
21.791
29.16
-35.093
21.839
29.269
-35.107
21.895
29.416
-35.132
21.944
29.594
-35.213
21.991
29.789
-35.278
22.016
29.974
-35.322
22.036
30.134
-35.351
22.047
30.185
-35.568
22.049
30.188
-35.754
22.051
30.166
-35.93
22.052
30.13
-36.104
22.054
30.078
-36.276
22.056
30.086
-36.288
22.059
30.097
-36.288
22.056
30.097
-36.323
22.051
30.088
-36.374
22.047
30.08
-36.384
22.043
30.071
-36.372
22.035
30.062
-36.368
22.025
30.063
-36.362
22.012
30.064
-36.345
22.004
30.063
-36.347
21.996
30.054
-36.379
21.988
30.027
-36.398
21.972
29.974
-36.441
21.946
29.883
-36.464
21.897
29.755
-36.505
21.836
29.592
-36.509
21.783
29.412
-36.535
21.735
29.236
-36.491
21.695
29.089
-36.472
21.671
28.988
-36.411
21.661
28.939
-36.355
21.653
28.932
-36.299
21.654
28.952
-36.265
21.653
28.983
-36.258
21.65
29.013
-36.282
21.651
29.052
-36.303
21.652
29.086
-36.297
21.648
29.114
-36.306
21.65
29.14
-36.293
21.655
29.154
-36.251
21.659
29.153
-36.213
21.667
29.142
-36.217
21.679
29.121
-36.196
21.704
29.107
-36.214
21.744
29.119
-36.234
21.789
29.154
-36.281
21.836
29.226
-36.323
21.888
29.338
-36.394
21.927
29.473
-36.435
21.953
29.611
-36.507
21.969
29.744
-36.531
21.979
29.854
-36.525
21.981
29.935
-36.519
21.983
29.994
-36.499
21.982
30.031
-36.462
21.981
30.051
-36.461
21.981
30.066
-36.473
21.984
30.074
-36.475
21.987
30.073
-36.472
21.985
30.075
-36.49
21.983
30.073
-36.49
21.98
30.064
-36.499
21.973
30.062
-36.494
21.969
30.057
-36.483
21.969
30.049
-36.483
21.973
30.053
-36.471
21.978
30.06
-36.435
21.984
30.058
-36.435
21.99
30.067
-36.443
21.991
30.072
-36.44
21.983
30.067
-36.456
21.96
30.052
-36.507
21.919
30.029
-36.533
21.867
29.963
-36.57
21.812
29.87
-36.605
21.759
29.743
-36.623
21.716
29.597
-36.625
21.686
29.456
-36.619
21.669
29.344
-36.6
21.66
29.26
-36.567
21.657
29.212
-36.544
21.661
29.186
-36.515
21.673
29.164
-36.485
21.684
29.144
-36.5
21.698
29.125
-36.521
21.713
29.107
-36.543
21.733
29.108
-36.541
21.761
29.129
-36.533
21.808
29.176
-36.49
21.866
29.249
-36.474
21.926
29.342
-36.485
21.989
29.443
-36.542
22.04
29.552
-36.619
22.063
29.658
-36.704
22.076
29.749
-36.756
22.081
29.832
-36.772
22.078
29.899
-36.745
22.076
29.94
-36.718
22.08
29.968
-36.698
22.073
29.986
-36.671
22.071
29.988
-36.672
22.068
29.991
-36.681
22.062
29.996
-36.698
22.053
29.994
-36.704
22.055
29.995
-36.709
22.083
29.965
-36.726
22.11
29.929
-36.774
22.147
29.893
-36.817
22.18
29.863
-36.825
22.211
29.823
-36.848
22.211
29.818
-36.851
22.208
29.813
-36.839
22.191
29.804
-36.824
22.179
29.794
-36.812
22.157
29.783
-36.824
22.132
29.772
-36.84
22.106
29.776
-36.835
22.083
29.794
-36.815
22.055
29.821
-36.825
22.032
29.874
-36.801
22.008
29.938
-36.766
21.984
30.003
-36.728
21.958
30.067
-36.711
21.935
30.128
-36.694
21.917
30.171
-36.678
21.901
30.2
-36.685
21.888
30.216
-36.698
21.885
30.215
-36.702
21.885
30.202
-36.708
21.879
30.186
-36.729
21.875
30.16
-36.721
21.875
30.13
-36.717
21.878
30.106
-36.689
21.878
30.078
-36.673
21.882
30.055
-36.651
21.889
30.043
-36.631
21.894
30.03
-36.621
21.898
30.018
-36.628
21.902
30.009
-36.611
21.909
29.994
-36.572
21.921
29.973
-36.55
21.931
29.951
-36.562
21.934
29.924
-36.58
21.949
29.902
-36.58
21.969
29.882
-36.607
21.991
29.858
-36.608
22.017
29.83
-36.591
22.056
29.797
-36.588
22.086
29.762
-36.593
22.108
29.738
-36.599
22.128
29.74
-36.63
22.148
29.749
-36.643
22.159
29.769
-36.656
22.171
29.793
-36.654
22.186
29.808
-36.646
22.189
29.802
-36.666
22.194
29.795
-36.677
22.2
29.789
-36.665
22.203
29.776
-36.699
22.202
29.765
-36.714
22.207
29.759
-36.682
22.207
29.75
-36.686
22.211
29.744
-36.698
22.215
29.74
-36.683
22.22
29.738
-36.687
22.214
29.744
-36.699
22.208
29.756
-36.672
22.196
29.773
-36.676
22.178
29.803
-36.647
22.163
29.844
-36.616
22.16
29.894
-36.579
22.149
29.945
-36.569
22.136
30.006
-36.541
22.126
30.066
-36.545
22.116
30.129
-36.535
22.096
30.191
-36.554
22.076
30.252
-36.549
22.059
30.304
-36.538
22.044
30.349
-36.549
22.022
30.384
-36.546
22.005
30.407
-36.527
21.997
30.429
-36.521
21.991
30.446
-36.491
21.985
30.448
-36.507
21.987
30.449
-36.543
21.985
30.449
-36.545
21.983
30.441
-36.555
21.979
30.436
-36.576
21.975
30.432
-36.548
21.971
30.418
-36.543
21.968
30.405
-36.582
21.963
30.392
-36.58
21.956
30.37
-36.599
21.951
30.353
-36.619
21.946
30.339
-36.629
21.94
30.319
-36.628
21.932
30.301
-36.645
21.926
30.282
-36.671
21.914
30.255
-36.698
21.904
30.235
-36.722
21.897
30.218
-36.717
21.894
30.2
-36.704
21.896
30.189
-36.681
21.904
30.181
-36.656
21.914
30.164
-36.645
21.896
30.202
-36.405
21.877
30.24
-36.172
21.859
30.262
-35.926
21.849
30.282
-35.659
21.841
30.292
-35.364
21.872
30.234
-35.353
21.903
30.177
-35.349
21.932
30.124
-35.365
21.957
30.073
-35.399
21.974
30.039
-35.457
21.977
30.019
-35.459
21.976
30
-35.476
21.976
29.992
-35.474
21.97
29.992
-35.464
21.96
29.991
-35.441
21.952
29.999
-35.444
21.954
30.011
-35.377
21.946
30.019
-35.299
21.933
30.026
-35.232
21.925
30.045
-35.137
21.909
30.054
-35.094
21.882
30.079
-35.098
21.856
30.128
-35.082
21.824
30.179
-35.081
21.789
30.234
-35.08
21.76
30.297
-35.026
21.74
30.344
-34.965
21.728
30.375
-34.97
21.735
30.406
-34.937
21.743
30.428
-34.923
21.757
30.448
-34.922
21.762
30.467
-34.934
21.764
30.477
-34.925
21.758
30.484
-34.942
21.754
30.483
-34.973
21.751
30.473
-34.997
21.752
30.461
-35.015
21.752
30.449
-35.029
21.756
30.429
-35.024
21.756
30.412
-35.027
21.753
30.4
-35.024
21.749
30.382
-35.028
21.759
30.374
-34.99
21.768
30.367
-34.997
21.786
30.353
-34.994
21.802
30.34
-35.008
21.826
30.325
-35.018
21.825
30.3
-35.07
21.828
30.274
-35.071
21.823
30.248
-35.061
21.82
30.215
-35.047
21.813
30.187
-35.043
21.81
30.164
-35.038
21.796
30.143
-35.057
21.782
30.132
-35.086
21.764
30.13
-35.08
21.748
30.131
-35.064
21.737
30.137
-35.022
21.735
30.145
-34.976
21.736
30.142
-34.933
21.745
30.135
-34.92
21.756
30.124
-34.916
21.766
30.106
-34.92
21.784
30.081
-34.92
21.809
30.049
-34.895
21.834
30.002
-34.893
21.858
29.947
-34.915
21.896
29.903
-34.959
21.937
29.859
-35.024
21.969
29.826
-35.106
21.997
29.807
-35.181
22.022
29.796
-35.204
22.035
29.782
-35.245
22.036
29.778
-35.251
22.034
29.771
-35.26
22.036
29.77
-35.25
22.031
29.773
-35.26
22.028
29.768
-35.254
22.024
29.766
-35.257
22.026
29.764
-35.258
22.025
29.758
-35.264
22.031
29.747
-35.282
22.036
29.745
-35.289
22.037
29.741
-35.302
22.037
29.737
-35.318
22.042
29.739
-35.32
22.048
29.741
-35.286
22.054
29.738
-35.273
22.065
29.74
-35.273
22.073
29.742
-35.275
22.079
29.743
-35.288
22.088
29.753
-35.318
22.093
29.758
-35.347
22.093
29.762
-35.348
22.094
29.774
-35.298
22.091
29.783
-35.26
22.078
29.8
-35.228
22.071
29.846
-35.151
22.064
29.909
-35.054
22.067
29.986
-35.029
22.068
30.04
-35.228
22.078
30.11
-35.406
22.093
30.17
-35.63
22.106
30.222
-35.886
22.114
30.256
-36.134
22.127
30.321
-36.154
22.133
30.369
-36.161
22.132
30.397
-36.18
22.131
30.411
-36.191
22.129
30.424
-36.19
22.126
30.427
-36.166
22.13
30.416
-36.196
22.136
30.412
-36.187
22.146
30.407
-36.187
22.152
30.398
-36.181
22.157
30.396
-36.176
22.151
30.394
-36.154
22.152
30.386
-36.151
22.152
30.378
-36.158
22.149
30.36
-36.159
22.15
30.324
-36.166
22.166
30.251
-36.132
22.169
30.163
-36.099
22.164
30.067
-36.067
22.164
29.983
-36.037
22.158
29.903
-36.019
22.136
29.858
-36.03
22.118
29.831
-36.02
22.104
29.812
-36.008
22.091
29.789
-36
22.084
29.778
-35.981
22.082
29.772
-35.991
22.089
29.769
-36.002
22.102
29.776
-36.006
22.109
29.785
-36.001
22.117
29.798
-35.99
22.129
29.813
-35.946
22.133
29.825
-35.921
22.135
29.831
-35.9
22.139
29.841
-35.871
22.137
29.845
-35.857
22.132
29.843
-35.883
22.125
29.847
-35.918
22.117
29.85
-35.937
22.108
29.852
-35.978
22.105
29.863
-36
22.108
29.881
-35.989
22.118
29.9
-35.962
22.14
29.939
-35.947
22.166
30.004
-35.923
22.185
30.073
-35.944
22.202
30.158
-35.958
22.215
30.241
-35.989
22.225
30.309
-36.025
22.233
30.359
-36.055
22.244
30.398
-36.04
22.252
30.412
-36.069
22.265
30.427
-36.075
22.268
30.437
-36.083
22.27
30.432
-36.103
22.268
30.426
-36.141
22.261
30.425
-36.138
22.251
30.419
-36.152
22.247
30.416
-36.151
22.241
30.419
-36.131
22.241
30.418
-36.131
22.246
30.42
-36.139
22.247
30.421
-36.127
22.246
30.42
-36.119
22.248
30.421
-36.134
22.247
30.428
-36.114
22.247
30.426
-36.115
22.251
30.427
-36.107
22.251
30.429
-36.095
22.254
30.423
-36.104
22.26
30.418
-36.125
22.258
30.421
-36.093
22.256
30.419
-36.069
22.254
30.422
-36.065
22.246
30.429
-36.015
22.241
30.429
-35.994
22.239
30.429
-35.988
22.231
30.434
-35.996
22.229
30.429
-35.983
22.233
30.423
-35.984
22.233
30.425
-35.937
22.236
30.415
-35.904
22.244
30.399
-35.874
22.25
30.375
-35.851
22.24
30.318
-35.861
22.231
30.219
-35.841
22.21
30.113
-35.801
22.191
29.999
-35.758
22.174
29.897
-35.741
22.172
29.828
-35.691
22.174
29.795
-35.674
22.182
29.771
-35.701
22.179
29.758
-35.734
22.167
29.744
-35.751
22.152
29.723
-35.798
22.126
29.748
-35.47
22.104
29.775
-35.103
22.097
29.808
-34.734
22.097
29.848
-34.351
22.093
29.893
-33.936
22.095
29.898
-33.927
22.097
29.908
-33.944
22.092
29.909
-33.96
22.092
29.909
-33.985
22.098
29.91
-33.998
22.103
29.911
-34.003
22.115
29.911
-34.006
22.12
29.921
-33.985
22.119
29.925
-33.945
22.111
29.949
-33.986
22.103
29.982
-34.026
22.091
30.016
-34.053
22.095
30.051
-34.102
22.103
30.098
-34.174
22.116
30.129
-34.197
22.127
30.163
-34.177
22.134
30.206
-34.159
22.137
30.245
-34.132
22.142
30.282
-34.121
22.156
30.329
-34.07
22.172
30.359
-34.074
22.195
30.381
-34.089
22.208
30.4
-34.11
22.218
30.41
-34.076
22.223
30.409
-34.088
22.226
30.417
-34.071
22.222
30.417
-34.052
22.225
30.413
-34.06
22.224
30.416
-34.075
22.215
30.414
-34.062
22.211
30.402
-34.082
22.204
30.4
-34.098
22.19
30.394
-34.063
22.184
30.38
-34.07
22.183
30.373
-34.068
22.182
30.369
-34.042
22.189
30.358
-34.032
22.199
30.357
-34.057
22.2
30.357
-34.082
22.204
30.353
-34.137
22.205
30.354
-34.179
22.202
30.355
-34.182
22.201
30.344
-34.167
22.205
30.324
-34.131
22.211
30.284
-34.123
22.209
30.214
-34.145
22.172
30.13
-34.155
22.122
30.045
-34.182
22.087
29.969
-34.204
22.056
29.915
-34.185
22.045
29.883
-34.152
22.07
29.859
-34.17
22.101
29.841
-34.177
22.11
29.82
-34.189
22.108
29.792
-34.202
22.098
29.769
-34.224
22.091
29.751
-34.23
22.09
29.731
-34.28
22.092
29.709
-34.337
22.082
29.69
-34.358
22.063
29.663
-34.394
22.036
29.638
-34.435
22.002
29.615
-34.436
21.979
29.585
-34.45
21.967
29.554
-34.482
21.957
29.528
-34.477
21.948
29.498
-34.475
21.936
29.475
-34.458
21.909
29.461
-34.428
21.876
29.455
-34.425
21.838
29.457
-34.42
21.79
29.466
-34.376
21.734
29.474
-34.341
21.671
29.497
-34.338
21.6
29.517
-34.303
21.533
29.527
-34.285
21.469
29.543
-34.287
21.423
29.559
-34.267
21.397
29.555
-34.204
21.39
29.546
-34.197
21.398
29.539
-34.199
21.432
29.515
-34.253
21.471
29.488
-34.344
21.505
29.471
-34.424
21.534
29.454
-34.489
21.571
29.446
-34.546
21.609
29.45
-34.572
21.654
29.445
-34.601
21.699
29.439
-34.633
21.747
29.441
-34.634
21.772
29.44
-34.632
21.781
29.441
-34.62
21.771
29.453
-34.554
21.765
29.443
-34.539
21.757
29.433
-34.511
21.789
29.448
-34.597
21.827
29.447
-34.689
21.869
29.447
-34.792
21.904
29.462
-34.842
21.908
29.45
-35.089
21.874
29.395
-35.31
21.84
29.357
-35.509
21.812
29.311
-35.74
21.795
29.275
-35.983
21.808
29.269
-36.059
21.829
29.274
-36.036
21.854
29.28
-36.061
21.875
29.3
-36.072
21.894
29.319
-36.106
21.922
29.34
-36.097
21.947
29.377
-36.135
21.963
29.406
-36.132
21.978
29.43
-36.169
21.991
29.454
-36.159
22.002
29.465
-36.174
22.02
29.462
-36.184
22.04
29.464
-36.212
22.065
29.466
-36.191
22.102
29.466
-36.197
22.139
29.482
-36.21
22.177
29.512
-36.168
22.238
29.555
-36.121
22.304
29.611
-36.097
22.372
29.661
-36.076
22.436
29.708
-36.067
22.492
29.753
-36.047
22.52
29.782
-36.015
22.523
29.795
-36.032
22.502
29.813
-35.987
22.473
29.819
-35.973
22.434
29.814
-36.02
22.396
29.81
-36.062
22.368
29.801
-36.026
22.35
29.788
-36.056
22.335
29.784
-36.038
22.321
29.777
-36.012
22.31
29.768
-36.01
22.296
29.768
-36.029
22.279
29.769
-36.026
22.264
29.761
-36.056
22.253
29.758
-36.051
22.237
29.749
-36.04
22.22
29.723
-36.059
22.205
29.684
-36.076
22.182
29.625
-36.099
22.146
29.518
-36.213
22.104
29.344
-36.432
22.018
29.056
-36.771
21.878
28.592
-37.106
21.724
27.972
-37.407
21.59
27.307
-37.543
21.5
26.713
-37.593
21.502
26.315
-37.427
21.596
26.177
-37.379
21.732
26.284
-37.347
21.873
26.545
-37.435
21.985
26.859
-37.417
22.051
27.134
-37.543
22.078
27.362
-37.538
22.077
27.537
-37.554
22.057
27.662
-37.511
22.029
27.728
-37.559
21.994
27.731
-37.561
21.941
27.63
-37.612
21.863
27.403
-37.683
21.764
27.033
-37.756
21.647
26.597
-37.739
21.556
26.198
-37.681
21.513
25.892
-37.58
21.529
25.746
-37.494
21.593
25.803
-37.404
21.697
25.995
-37.409
21.796
26.249
-37.412
21.877
26.547
-37.439
21.943
26.843
-37.414
21.994
27.083
-37.434
22.038
27.279
-37.471
22.068
27.429
-37.509
22.094
27.545
-37.483
22.107
27.644
-37.436
22.132
27.75
-37.389
22.165
27.858
-37.344
22.207
27.966
-37.316
22.256
28.062
-37.357
22.309
28.141
-37.402
22.354
28.206
-37.433
22.383
28.262
-37.41
22.406
28.303
-37.412
22.427
28.339
-37.42
22.446
28.374
-37.403
22.461
28.395
-37.411
22.483
28.41
-37.402
22.504
28.427
-37.364
22.509
28.432
-37.346
22.512
28.433
-37.368
22.381
28.532
-37.621
22.23
28.628
-37.888
22.078
28.722
-38.143
21.937
28.825
-38.381
21.798
28.923
-38.594
21.789
28.924
-38.57
21.79
28.931
-38.556
21.79
28.932
-38.543
21.793
28.929
-38.526
21.8
28.936
-38.511
21.812
28.941
-38.477
21.826
28.94
-38.494
21.835
28.94
-38.498
21.83
28.936
-38.493
21.821
28.931
-38.518
21.805
28.928
-38.53
21.788
28.92
-38.513
21.782
28.914
-38.527
21.783
28.914
-38.532
21.78
28.91
-38.508
21.78
28.906
-38.514
21.781
28.912
-38.491
21.775
28.905
-38.488
21.77
28.895
-38.49
21.77
28.885
-38.498
21.777
28.868
-38.482
21.78
28.842
-38.508
21.788
28.825
-38.492
21.797
28.801
-38.537
21.798
28.774
-38.562
21.794
28.754
-38.61
21.785
28.736
-38.625
21.771
28.713
-38.651
21.756
28.71
-38.603
21.74
28.709
-38.575
21.726
28.711
-38.541
21.716
28.724
-38.495
21.705
28.742
-38.46
21.689
28.757
-38.459
21.676
28.777
-38.427
21.667
28.791
-38.391
21.664
28.804
-38.389
21.671
28.821
-38.403
21.683
28.831
-38.378
21.706
28.84
-38.413
21.733
28.857
-38.424
21.764
28.871
-38.408
21.787
28.883
-38.41
21.809
28.897
-38.429
21.82
28.911
-38.449
21.828
28.92
-38.474
21.829
28.934
-38.531
21.834
28.943
-38.551
21.843
28.958
-38.553
21.854
28.974
-38.537
21.866
28.989
-38.549
21.885
28.995
-38.579
21.913
29.01
-38.581
21.939
29.016
-38.632
21.975
29.023
-38.668
22.006
29.03
-38.722
22.031
29.039
-38.747
22.052
29.042
-38.79
22.069
29.05
-38.81
22.077
29.054
-38.858
22.083
29.055
-38.866
22.082
29.061
-38.855
22.076
29.064
-38.827
22.069
29.061
-38.82
22.062
29.064
-38.795
22.052
29.065
-38.766
22.053
29.064
-38.742
22.056
29.065
-38.736
22.058
29.068
-38.716
22.059
29.067
-38.708
22.058
29.068
-38.679
22.044
29.07
-38.635
22.026
29.074
-38.593
22.019
29.098
-38.386
22.008
29.104
-38.11
22.02
29.121
-37.806
22.043
29.144
-37.529
22.07
29.16
-37.265
22.094
29.15
-37.175
22.123
29.168
-37.102
22.126
29.167
-37.125
22.127
29.157
-37.137
22.128
29.15
-37.142
22.121
29.147
-37.162
22.114
29.128
-37.226
22.109
29.119
-37.253
22.095
29.113
-37.261
22.082
29.105
-37.261
22.07
29.098
-37.244
22.058
29.1
-37.217
22.047
29.092
-37.18
22.039
29.088
-37.198
22.031
29.084
-37.212
22.027
29.077
-37.237
22.021
29.075
-37.262
21.985
29.06
-36.662
21.948
29.034
-36.009
21.909
29.009
-35.402
21.867
28.981
-34.777
21.816
28.935
-34.19
21.785
28.905
-34.23
21.754
28.867
-34.291
21.717
28.798
-34.349
21.67
28.704
-34.435
21.621
28.572
-34.514
21.563
28.379
-34.63
21.479
28.095
-34.712
21.383
27.715
-34.641
21.282
27.27
-34.56
21.184
26.846
-34.389
21.114
26.486
-34.237
21.058
26.219
-34.115
21.013
26.07
-34.083
20.983
26.024
-34
20.959
26.004
-33.995
20.944
25.986
-33.93
20.941
25.983
-33.866
20.938
25.964
-33.869
20.933
25.93
-33.864
20.931
25.905
-33.861
20.904
25.885
-33.884
20.881
25.872
-33.906
20.864
25.89
-33.885
20.841
25.92
-33.904
20.806
25.956
-33.895
20.777
25.988
-33.885
20.747
26.011
-33.885
20.709
26.038
-33.881
20.679
26.056
-33.882
20.663
26.051
-33.863
20.655
26.047
-33.822
20.648
26.026
-33.816
20.639
25.954
-33.829
20.627
25.857
-33.862
20.605
25.742
-33.89
20.57
25.584
-33.965
20.532
25.42
-34.023
20.51
25.301
-34.061
20.497
25.227
-34.046
20.509
25.226
-34.058
20.553
25.301
-34.035
20.621
25.434
-34.007
20.699
25.6
-34.015
20.779
25.79
-34.025
20.848
25.945
-34.047
20.889
26.074
-34.082
20.912
26.176
-34.102
20.914
26.223
-34.123
20.897
26.178
-34.175
20.879
26.083
-34.268
20.871
25.986
-34.303
20.858
25.881
-34.36
20.862
25.796
-34.398
20.876
25.754
-34.444
20.886
25.755
-34.421
20.895
25.743
-34.458
20.913
25.732
-34.438
20.92
25.713
-34.489
20.927
25.708
-34.512
20.934
25.694
-34.526
20.926
25.679
-34.574
20.912
25.659
-34.671
20.875
25.67
-34.725
20.799
25.687
-34.702
20.707
25.683
-34.715
20.628
25.667
-34.632
20.558
25.691
-34.517
20.54
25.81
-34.389
20.568
26.052
-34.394
20.612
26.451
-34.346
20.646
26.976
-34.324
20.675
27.554
-34.325
20.687
28.073
-34.259
20.7
28.498
-34.144
20.717
28.815
-34.09
20.741
29.041
-34.04
20.762
29.193
-33.949
20.787
29.277
-33.853
20.808
29.31
-33.804
20.822
29.33
-33.748
20.843
29.333
-33.726
20.872
29.328
-33.735
20.892
29.338
-33.792
20.91
29.364
-33.806
20.932
29.381
-33.827
20.953
29.395
-33.839
20.963
29.4
-33.843
20.967
29.396
-33.84
20.968
29.393
-33.826
20.963
29.388
-33.803
20.949
29.386
-33.799
20.941
29.396
-33.802
20.934
29.406
-33.813
20.923
29.409
-33.84
20.915
29.421
-33.841
21.057
29.393
-33.928
21.142
29.367
-33.978
21.62
29.249
-34.291
