-23.358
30.625
-35.112
-23.358
30.607
-35.048
-23.352
30.601
-35.012
-23.345
30.585
-34.983
-23.339
30.573
-34.97
-23.333
30.569
-34.959
-23.33
30.573
-34.951
-23.33
30.599
-34.916
-23.329
30.649
-34.87
-23.334
30.711
-34.819
-23.335
30.784
-34.748
-23.336
30.858
-34.684
-23.347
30.913
-34.641
-23.365
30.968
-34.612
-23.371
31.02
-34.58
-23.385
31.061
-34.591
-23.399
31.105
-34.572
-23.4
31.158
-34.536
-23.403
31.201
-34.493
-23.415
31.245
-34.456
-23.413
31.299
-34.401
-23.416
31.335
-34.376
-23.418
31.367
-34.348
-23.415
31.404
-34.348
-23.415
31.429
-34.36
-23.423
31.451
-34.357
-23.426
31.481
-34.345
-23.433
31.503
-34.349
-23.44
31.513
-34.353
-23.435
31.533
-34.318
-23.435
31.542
-34.328
-23.442
31.542
-34.354
-23.441
31.547
-34.367
-23.446
31.545
-34.365
-23.458
31.533
-34.403
-23.453
31.519
-34.407
-23.441
31.492
-34.406
-23.432
31.444
-34.417
-23.41
31.375
-34.445
-23.382
31.281
-34.464
-23.361
31.174
-34.474
-23.325
31.075
-34.468
-23.291
30.981
-34.467
-23.267
30.908
-34.473
-23.242
30.861
-34.476
-23.224
30.825
-34.517
-23.224
30.798
-34.565
-23.224
30.794
-34.606
-23.222
30.793
-34.623
-23.231
30.789
-34.653
-23.231
30.796
-34.624
-23.231
30.799
-34.622
-23.235
30.789
-34.613
-23.233
30.789
-34.605
-23.228
30.79
-34.578
-23.224
30.786
-34.55
-23.211
30.786
-34.546
-23.193
30.789
-34.564
-23.19
30.782
-34.584
-23.177
30.782
-34.609
-23.171
30.775
-34.669
-23.179
30.767
-34.704
-23.182
30.759
-34.72
-23.179
30.757
-34.72
-23.187
30.75
-34.736
-23.196
30.763
-34.759
-23.203
30.794
-34.77
-23.224
30.853
-34.749
-23.249
30.909
-34.723
-23.275
30.985
-34.667
-23.306
31.06
-34.586
-23.339
31.144
-34.511
-23.373
31.212
-34.431
-23.409
31.296
-34.378
-23.44
31.38
-34.326
-23.463
31.46
-34.292
-23.489
31.521
-34.237
-23.504
31.581
-34.223
-23.508
31.633
-34.211
-23.513
31.668
-34.193
-23.511
31.703
-34.165
-23.506
31.737
-34.122
-23.508
31.757
-34.09
-23.508
31.778
-34.066
-23.505
31.795
-34.057
-23.513
31.795
-34.074
-23.512
31.788
-34.09
-23.499
31.776
-34.086
-23.488
31.73
-34.062
-23.472
31.656
-34.038
-23.434
31.55
-34.03
-23.403
31.402
-34.062
-23.37
31.242
-34.118
-23.332
31.095
-34.176
-23.305
30.961
-34.24
-23.291
30.868
-34.272
-23.269
30.815
-34.29
-23.265
30.777
-34.315
-23.258
30.699
-34.424
-23.247
30.639
-34.519
-23.238
30.572
-34.609
-23.239
30.51
-34.703
-23.224
30.451
-34.797
-23.224
30.445
-34.803
-23.229
30.44
-34.811
-23.231
30.444
-34.827
-23.234
30.443
-34.853
-23.245
30.444
-34.854
-23.248
30.448
-34.834
-23.252
30.445
-34.834
-23.265
30.436
-34.871
-23.273
30.423
-34.912
-23.286
30.393
-34.982
-23.345
30.29
-35.147
-23.425
30.078
-35.273
-23.528
29.74
-35.515
-23.644
29.305
-35.778
-23.751
28.81
-36.033
-23.811
28.342
-36.257
-23.847
27.979
-36.525
-23.844
27.744
-36.62
-23.835
27.603
-36.696
-23.833
27.521
-36.772
-23.831
27.456
-36.815
-23.828
27.372
-36.859
-23.839
27.285
-36.958
-23.844
27.21
-37.041
-23.844
27.145
-37.088
-23.853
27.105
-37.152
-23.852
27.101
-37.166
-23.851
27.091
-37.144
-23.854
27.079
-37.129
-23.856
27.072
-37.122
-23.851
27.057
-37.095
-23.844
27.028
-37.079
-23.824
27.005
-37.101
-23.804
26.977
-37.13
-23.787
26.946
-37.164
-23.765
26.93
-37.171
-23.756
26.918
-37.191
-23.756
26.905
-37.203
-23.744
26.899
-37.195
-23.733
26.892
-37.176
-23.727
26.874
-37.197
-23.708
26.877
-37.195
-23.689
26.886
-37.153
-23.677
26.887
-37.097
-23.657
26.899
-37.026
-23.636
26.913
-36.923
-23.627
26.909
-36.881
-23.613
26.908
-36.836
-23.609
26.909
-36.814
-23.621
26.906
-36.834
-23.635
26.967
-36.829
-23.636
27.139
-36.711
-23.607
27.454
-36.389
-23.529
27.943
-36.017
-23.467
28.528
-35.683
-23.431
29.1
-35.279
-23.418
29.607
-34.88
-23.446
29.988
-34.666
-23.525
30.211
-34.463
-23.573
30.342
-34.187
-23.593
30.422
-34.019
-23.607
30.459
-33.939
-23.585
30.474
-33.805
-23.543
30.46
-33.767
-23.505
30.435
-33.746
-23.461
30.416
-33.747
-23.404
30.398
-33.707
-23.382
30.373
-33.806
-23.369
30.367
-33.86
-23.358
30.363
-33.908
-23.366
30.354
-33.95
-23.386
30.342
-34.015
-23.394
30.345
-33.995
-23.412
30.345
-33.979
-23.423
30.344
-33.992
-23.415
30.338
-33.998
-23.411
30.326
-34.049
-23.408
30.311
-34.113
-23.393
30.291
-34.153
-23.375
30.274
-34.141
-23.352
30.263
-34.13
-23.319
30.254
-34.109
-23.298
30.232
-34.107
-23.284
30.223
-34.078
-23.273
30.205
-34.069
-23.278
30.182
-34.064
-23.281
30.162
-34.026
-23.266
30.147
-33.988
-23.259
30.131
-33.97
-23.256
30.119
-33.983
-23.251
30.108
-33.976
-23.258
30.096
-33.994
-23.278
30.09
-34.013
-23.29
30.082
-34.047
-23.315
30.078
-34.077
-23.317
30.333
-34.161
-23.313
30.596
-34.242
-23.317
30.861
-34.319
-23.329
31.13
-34.412
-23.325
31.411
-34.493
-23.351
31.449
-34.524
-23.381
31.503
-34.518
-23.398
31.57
-34.513
-23.41
31.64
-34.52
-23.432
31.719
-34.507
-23.443
31.794
-34.483
-23.473
31.821
-34.552
-23.554
31.755
-34.709
-23.651
31.58
-34.784
-23.741
31.277
-34.889
-23.833
30.864
-35.064
-23.891
30.415
-35.221
-23.903
30.009
-35.345
-23.896
29.689
-35.519
-23.884
29.47
-35.668
-23.876
29.34
-35.803
-23.876
29.265
-35.874
-23.867
29.222
-35.872
-23.86
29.169
-35.921
-23.854
29.089
-35.98
-23.838
29.021
-36.023
-23.828
28.958
-36.082
-23.825
28.888
-36.163
-23.816
28.845
-36.164
-23.815
28.83
-36.193
-23.824
28.81
-36.19
-23.824
28.798
-36.167
-23.828
28.789
-36.132
-23.837
28.77
-36.159
-23.832
28.758
-36.153
-23.825
28.749
-36.168
-23.829
28.733
-36.172
-23.819
28.729
-36.15
-23.807
28.728
-36.097
-23.813
28.719
-36.079
-23.813
28.717
-36.043
-23.803
28.711
-36.018
-23.805
28.697
-36.048
-23.801
28.69
-36.084
-23.783
28.684
-36.095
-23.778
28.673
-36.08
-23.77
28.67
-36.093
-23.759
28.669
-36.082
-23.76
28.658
-36.039
-23.76
28.656
-36.021
-23.748
28.652
-36.026
-23.752
28.637
-36.04
-23.744
28.625
-36.053
-23.722
28.615
-36.123
-23.711
28.593
-36.157
-23.694
28.58
-36.183
-23.666
28.573
-36.171
-23.652
28.561
-36.203
-23.651
28.56
-36.204
-23.649
28.559
-36.242
-23.656
28.552
-36.301
-23.655
28.546
-36.38
-23.646
28.533
-36.392
-23.632
28.499
-36.395
-23.608
28.474
-36.368
-23.563
28.445
-36.325
-23.524
28.398
-36.318
-23.478
28.359
-36.262
-23.417
28.319
-36.139
-23.363
28.267
-36.056
-23.318
28.225
-35.957
-23.261
28.203
-35.755
-23.217
28.188
-35.616
-23.187
28.19
-35.563
-23.16
28.201
-35.469
-23.141
28.204
-35.408
-23.133
28.21
-35.399
-23.121
28.208
-35.416
-23.1
28.201
-35.401
-23.074
28.196
-35.368
-23.05
28.195
-35.358
-23.035
28.185
-35.342
-23.018
28.183
-35.298
-23.003
28.183
-35.268
-22.993
28.179
-35.258
-22.985
28.176
-35.23
-22.968
28.18
-35.171
-22.95
28.178
-35.111
-22.945
28.178
-35.067
-22.933
28.178
-35.044
-22.917
28.175
-34.983
-22.902
28.165
-34.96
-22.871
28.154
-34.87
-22.807
28.153
-34.761
-22.728
28.175
-34.719
-22.658
28.27
-34.811
-22.594
28.555
-34.782
-22.529
29.097
-34.65
-22.528
29.833
-34.469
-22.585
30.692
-34.06
-22.721
31.167
-33.858
-22.866
31.471
-33.749
-23.052
31.542
-33.82
-23.212
31.43
-33.898
-23.342
31.189
-34.117
-23.38
31.285
-33.954
-23.4
31.385
-33.846
-23.401
31.476
-33.738
-23.396
31.547
-33.694
-23.387
31.606
-33.658
-23.378
31.655
-33.675
-23.376
31.689
-33.638
-23.386
31.712
-33.624
-23.382
31.746
-33.602
-23.384
31.777
-33.566
-23.401
31.793
-33.552
-23.408
31.814
-33.57
-23.414
31.837
-33.556
-23.427
31.841
-33.505
-23.428
31.851
-33.456
-23.425
31.863
-33.412
-23.433
31.862
-33.369
-23.432
31.858
-33.339
-23.436
31.855
-33.33
-23.458
31.848
-33.331
-23.463
31.846
-33.335
-23.462
31.841
-33.339
-23.466
31.833
-33.329
-23.459
31.834
-33.324
-23.442
31.83
-33.317
-23.444
31.821
-33.319
-23.44
31.821
-33.308
-23.428
31.822
-33.327
-23.427
31.81
-33.323
-23.443
31.746
-33.442
-23.517
31.545
-33.692
-23.635
31.196
-33.971
-23.769
30.74
-34.353
-23.907
30.214
-34.736
-24.031
29.685
-35.056
-24.089
29.283
-35.228
-24.11
29.023
-35.371
-24.133
28.862
-35.429
-24.142
28.782
-35.485
-24.139
28.762
-35.439
-24.143
28.716
-35.447
-24.134
28.625
-35.417
-24.087
28.51
-35.354
-24.034
28.356
-35.37
-23.968
28.176
-35.426
-23.886
28.015
-35.44
-23.816
27.879
-35.535
-23.767
27.76
-35.687
-23.723
27.675
-35.743
-23.706
27.595
-35.851
-23.696
27.535
-35.931
-23.675
27.491
-35.993
-23.669
27.447
-36.042
-23.675
27.397
-36.171
-23.667
27.366
-36.248
-23.663
27.328
-36.325
-23.677
27.295
-36.364
-23.68
27.274
-36.415
-23.67
27.261
-36.421
-23.671
27.245
-36.437
-23.669
27.232
-36.471
-23.656
27.217
-36.516
-23.659
27.197
-36.568
-23.675
27.174
-36.643
-23.676
27.159
-36.68
-23.681
27.142
-36.712
-23.696
27.123
-36.756
-23.683
27.12
-36.71
-23.67
27.111
-36.676
-23.668
27.096
-36.686
-23.663
27.089
-36.684
-23.665
27.078
-36.709
-23.677
27.062
-36.77
-23.673
27.06
-36.802
-23.67
27.055
-36.818
-23.664
27.047
-36.83
-23.648
27.049
-36.79
-23.632
27.045
-36.765
-23.622
27.041
-36.726
-23.608
27.051
-36.683
-23.602
27.054
-36.66
-23.599
27.055
-36.649
-23.587
27.066
-36.616
-23.584
27.084
-36.617
-23.592
27.181
-36.583
-23.597
27.426
-36.476
-23.584
27.86
-36.159
-23.557
28.465
-35.672
-23.54
29.174
-35.219
-23.542
29.864
-34.687
-23.554
30.453
-34.209
-23.586
30.88
-33.908
-23.616
31.136
-33.639
-23.598
31.266
-33.37
-23.555
31.326
-33.308
-23.397
31.33
-33.364
-23.245
31.301
-33.481
-23.132
31.246
-33.804
-23.056
31.191
-34.01
-22.988
31.139
-34.127
-23.019
31.11
-34.119
-23.042
31.087
-34.065
-23.048
31.075
-33.96
-23.054
31.074
-33.955
-23.049
31.073
-33.921
-23.055
31.064
-33.921
-23.06
31.059
-33.933
-23.07
31.06
-33.928
-23.079
31.058
-33.872
-23.081
31.057
-33.882
-23.086
31.06
-33.884
-23.094
31.055
-33.897
-23.093
31.049
-33.923
-23.095
31.046
-33.97
-23.105
31.037
-33.975
-23.099
31.025
-33.957
-23.091
31.012
-33.979
-23.098
30.998
-33.999
-23.082
30.984
-33.977
-23.063
30.963
-33.999
-23.059
30.937
-34.066
-23.047
30.917
-34.082
-23.019
30.892
-34.106
-23.015
30.859
-34.132
-23.014
30.838
-34.118
-23.001
30.822
-34.068
-23.008
30.802
-34.045
-23.017
30.795
-33.995
-23.013
30.788
-34.021
-23.013
30.778
-34.023
-23.016
30.769
-34.039
-23.008
30.762
-34.049
-23.033
30.723
-34.165
-23.102
30.614
-34.285
-23.183
30.42
-34.371
-23.278
30.117
-34.474
-23.373
29.725
-34.577
-23.436
29.284
-34.648
-23.475
28.845
-34.741
-23.498
28.451
-34.903
-23.505
28.16
-35.042
-23.514
27.942
-35.179
-23.526
27.788
-35.29
-23.526
27.688
-35.33
-23.53
27.582
-35.335
-23.542
27.451
-35.428
-23.547
27.326
-35.522
-23.545
27.193
-35.644
-23.546
27.073
-35.843
-23.54
26.999
-36.078
-23.529
26.94
-36.256
-23.523
26.89
-36.437
-23.52
26.86
-36.565
-23.517
26.833
-36.624
-23.514
26.805
-36.694
-23.512
26.794
-36.719
-23.507
26.775
-36.76
-23.515
26.753
-36.784
-23.512
26.745
-36.767
-23.501
26.733
-36.713
-23.489
26.715
-36.717
-23.478
26.708
-36.703
-23.459
26.698
-36.691
-23.449
26.681
-36.739
-23.443
26.675
-36.787
-23.438
26.671
-36.799
-23.435
26.661
-36.789
-23.425
26.662
-36.789
-23.416
26.659
-36.789
-23.411
26.652
-36.78
-23.402
26.655
-36.745
-23.392
26.654
-36.717
-23.395
26.648
-36.696
-23.389
26.648
-36.663
-23.385
26.633
-36.665
-23.388
26.609
-36.684
-23.384
26.6
-36.701
-23.378
26.589
-36.699
-23.384
26.575
-36.685
-23.381
26.579
-36.67
-23.379
26.583
-36.66
-23.386
26.576
-36.667
-23.385
26.576
-36.67
-23.378
26.576
-36.682
-23.381
26.571
-36.721
-23.383
26.575
-36.729
-23.379
26.58
-36.724
-23.381
26.586
-36.733
-23.375
26.606
-36.714
-23.36
26.633
-36.646
-23.34
26.655
-36.594
-23.313
26.696
-36.518
-23.28
26.739
-36.431
-23.261
26.772
-36.396
-23.241
26.805
-36.392
-23.319
26.857
-36.281
-23.395
26.903
-36.265
-23.443
26.98
-36.17
-23.48
27.13
-36.045
-23.492
27.361
-35.743
-23.386
27.616
-35.549
-23.274
27.923
-35.288
-23.206
28.297
-35.115
-23.149
28.74
-34.938
-23.134
29.219
-34.824
-23.167
29.744
-34.661
-23.234
30.278
-34.458
-23.307
30.741
-34.191
-23.39
31.088
-33.921
-23.464
31.338
-33.715
-23.503
31.502
-33.524
-23.532
31.585
-33.408
-23.545
31.627
-33.345
-23.536
31.597
-33.316
-23.528
31.52
-33.29
-23.524
31.42
-33.333
-23.514
31.322
-33.358
-23.507
31.205
-33.359
-23.495
31.037
-33.322
-23.476
30.759
-33.341
-23.47
30.372
-33.37
-23.452
29.898
-33.466
-23.433
29.377
-33.653
-23.417
28.889
-33.838
-23.387
28.483
-34.017
-23.351
28.174
-34.307
-23.344
27.938
-34.525
-23.337
27.76
-34.702
-23.325
27.635
-34.916
-23.341
27.536
-35.125
-23.371
27.451
-35.233
-23.38
27.372
-35.353
-23.396
27.283
-35.504
-23.406
27.188
-35.638
-23.393
27.112
-35.729
-23.367
27.042
-35.801
-23.343
26.982
-35.881
-23.31
26.946
-35.88
-23.293
26.918
-35.894
-23.293
26.891
-35.959
-23.289
26.881
-35.959
-23.284
26.868
-35.943
-23.284
26.853
-35.952
-23.274
26.85
-35.972
-23.251
26.843
-35.895
-23.205
26.834
-35.858
-23.13
26.833
-35.869
-23.043
26.826
-35.942
-22.964
26.816
-35.993
-22.896
26.812
-36.138
-22.857
26.801
-36.292
-22.849
26.787
-36.381
-22.828
26.79
-36.32
-22.784
26.791
-36.269
-22.734
26.785
-36.258
-22.685
26.787
-36.239
-22.639
26.783
-36.227
-22.614
26.772
-36.317
-22.615
26.766
-36.387
-22.625
26.758
-36.393
-22.631
26.746
-36.415
-22.626
26.746
-36.389
-22.633
26.736
-36.397
-22.634
26.722
-36.46
-22.636
26.718
-36.528
-22.642
26.709
-36.587
-22.654
26.691
-36.692
-22.652
26.694
-36.71
-22.653
26.691
-36.703
-22.655
26.684
-36.667
-22.645
26.689
-36.622
-22.636
26.695
-36.558
-22.624
26.69
-36.528
-22.611
26.694
-36.486
-22.599
26.704
-36.44
-22.596
26.704
-36.409
-22.594
26.707
-36.408
-22.598
26.71
-36.423
-22.608
26.703
-36.421
-22.611
26.697
-36.428
-22.615
26.695
-36.405
-22.62
26.687
-36.378
-22.621
26.683
-36.362
-22.622
26.686
-36.38
-22.627
26.68
-36.397
-22.627
26.687
-36.421
-22.629
26.693
-36.455
-22.631
26.693
-36.459
-22.63
26.704
-36.439
-22.631
26.728
-36.414
-22.631
26.739
-36.418
-22.624
26.759
-36.387
-22.624
26.783
-36.362
-22.622
26.792
-36.328
-22.618
26.792
-36.334
-22.536
26.839
-35.839
-22.452
26.873
-35.35
-22.391
26.901
-34.976
-22.394
26.925
-34.651
-22.477
26.94
-34.315
-22.682
26.919
-34.34
-22.894
26.912
-34.299
-23.087
26.913
-34.173
-23.213
26.926
-33.979
-23.252
26.944
-33.803
-23.258
26.949
-33.728
-23.262
26.947
-33.765
-23.254
26.954
-33.752
-23.255
26.953
-33.785
-23.261
26.954
-33.769
-23.256
26.965
-33.75
-23.254
26.973
-33.695
-23.255
26.977
-33.683
-23.243
26.996
-33.606
-23.234
27.008
-33.628
-23.227
27.08
-33.617
-23.181
27.279
-33.564
-23.105
27.61
-33.347
-22.994
28.075
-33.143
-22.879
28.635
-32.908
-22.799
29.192
-32.692
-22.775
29.675
-32.484
-22.794
30.049
-32.367
-22.862
30.298
-32.269
-22.939
30.477
-32.098
-22.998
30.591
-32.024
-23.056
30.656
-31.992
-23.118
30.697
-31.923
-23.158
30.708
-31.848
-23.185
30.68
-31.787
-23.195
30.641
-31.641
-23.168
30.596
-31.524
-23.142
30.549
-31.517
-23.114
30.498
-31.438
-23.063
30.437
-31.421
-23.022
30.374
-31.463
-22.997
30.313
-31.483
-22.949
30.243
-31.462
-22.9
30.129
-31.462
-22.85
29.959
-31.571
-22.792
29.778
-31.759
-22.747
29.632
-31.947
-22.74
29.546
-32.114
-22.747
29.54
-32.282
-22.795
29.638
-32.311
-22.852
29.788
-32.194
-22.892
29.931
-32.071
-22.92
30.034
-31.993
-22.964
30.121
-32.006
-22.996
30.209
-31.958
-23.034
30.268
-31.962
-23.085
30.305
-31.994
-23.121
30.342
-31.99
-23.149
30.377
-31.964
-23.19
30.408
-31.957
-23.218
30.456
-31.911
-23.234
30.514
-31.848
-23.258
30.565
-31.838
-23.276
30.621
-31.816
-23.288
30.672
-31.806
-23.31
30.722
-31.821
-23.332
30.776
-31.788
-23.337
30.828
-31.704
-23.356
30.876
-31.647
-23.374
30.934
-31.561
-23.389
30.997
-31.48
-23.412
31.053
-31.411
-23.443
31.116
-31.361
-23.468
31.179
-31.276
-23.496
31.227
-31.244
-23.516
31.267
-31.2
-23.527
31.296
-31.15
-23.539
31.309
-31.135
-23.538
31.317
-31.157
-23.53
31.311
-31.172
-23.529
31.278
-31.182
-23.519
31.241
-31.21
-23.493
31.181
-31.197
-23.467
31.08
-31.177
-23.412
30.871
-31.15
-23.314
30.393
-31.631
-23.241
29.582
-31.806
-23.123
28.588
-32.435
-22.987
27.556
-33.218
-22.858
26.607
-34.108
-22.751
25.946
-34.532
-22.625
25.613
-35.298
-22.548
25.479
-35.629
-22.497
25.417
-35.836
-22.469
25.384
-35.955
-22.453
25.348
-36.001
-22.437
25.323
-36.027
-22.427
25.309
-36.046
-22.421
25.298
-36.037
-22.407
25.297
-35.986
-22.4
25.304
-35.975
-22.401
25.303
-35.951
-22.397
25.305
-35.925
-22.393
25.315
-35.895
-22.396
25.317
-35.91
-22.389
25.315
-35.927
-22.378
25.315
-35.958
-22.374
25.306
-35.993
-22.367
25.294
-36.031
-22.359
25.288
-36.067
-22.353
25.277
-36.068
-22.346
25.267
-36.054
-22.339
25.263
-36.08
-22.336
25.251
-36.083
-22.333
25.234
-36.097
-22.333
25.227
-36.149
-22.34
25.209
-36.182
-22.342
25.188
-36.19
-22.339
25.176
-36.204
-22.339
25.155
-36.198
-22.336
25.139
-36.184
-22.333
25.134
-36.2
-22.334
25.131
-36.166
-22.334
25.126
-36.138
-22.333
25.128
-36.117
-22.337
25.12
-36.102
-22.339
25.114
-36.064
-22.343
25.115
-36.06
-22.346
25.11
-36.053
-22.345
25.106
-36.034
-22.349
25.113
-36.011
-22.35
25.116
-36.028
-22.346
25.12
-36.048
-22.35
25.137
-36.04
-22.353
25.149
-36.024
-22.345
25.151
-36.032
-22.341
25.16
-35.986
-22.338
25.158
-35.939
-22.334
25.147
-35.954
-22.331
25.143
-35.973
-22.334
25.129
-35.989
-22.34
25.103
-36.034
-22.345
25.095
-36.058
-22.36
25.095
-36.076
-22.389
25.124
-36.113
-22.432
25.249
-35.993
-22.494
25.499
-35.75
-22.567
25.972
-35.092
-22.633
26.629
-34.202
-22.736
27.389
-32.945
-22.849
28.134
-31.629
-22.944
28.816
-30.344
-23.032
29.283
-29.434
-23.133
29.551
-28.799
-23.216
29.633
-28.503
-23.272
29.635
-28.367
-23.328
29.586
-28.31
-23.375
29.53
-28.315
-23.397
29.49
-28.238
-23.386
29.492
-28.138
-23.346
29.467
-28.071
-23.217
29.301
-27.852
-23.019
28.973
-27.984
-22.767
28.541
-28.384
-22.467
28.004
-28.853
-22.15
27.387
-29.391
-21.858
26.828
-30.144
-21.617
26.381
-30.575
-21.412
25.996
-30.786
-21.23
25.707
-30.971
-21.071
25.518
-31.077
-20.962
25.399
-31.147
-20.876
25.323
-31.182
-20.803
25.281
-31.172
-20.752
25.247
-31.159
-20.716
25.226
-31.141
-20.681
25.212
-31.101
-20.653
25.188
-31.086
-20.63
25.164
-31.089
-20.603
25.148
-31.082
-20.587
25.135
-31.143
-20.581
25.119
-31.212
-20.569
25.112
-31.249
-20.575
25.115
-31.334
-20.605
25.152
-31.446
-20.667
25.228
-31.655
-20.835
25.374
-32.198
-21.162
25.747
-32.768
-21.519
26.385
-33.005
-21.909
27.127
-32.957
-22.294
27.912
-32.625
-22.578
28.674
-31.856
-22.722
29.22
-31.065
-22.827
29.503
-30.5
-22.88
29.651
-30.203
-22.913
29.704
-30.041
-22.939
29.698
-30.033
-22.941
29.662
-30.062
-22.938
29.598
-30.146
-22.942
29.522
-30.245
-23.086
29.709
-31.253
-23.22
29.882
-32.225
-23.357
30.045
-33.179
-23.488
30.216
-34.204
-23.631
30.404
-35.19
-23.627
30.344
-35.256
-23.621
30.307
-35.312
-23.63
30.293
-35.356
-23.653
30.297
-35.348
-23.662
30.3
-35.325
-23.672
30.299
-35.298
-23.698
30.306
-35.296
-23.717
30.318
-35.274
-23.732
30.328
-35.228
-23.752
30.337
-35.195
-23.752
30.349
-35.133
-23.753
30.359
-35.119
-23.755
30.37
-35.121
-23.745
30.379
-35.121
-23.752
30.4
-35.177
-23.789
30.456
-35.254
-23.817
30.537
-35.274
-23.837
30.636
-35.297
-23.857
30.75
-35.331
-23.844
30.873
-35.304
-23.812
30.972
-35.305
-23.779
31.05
-35.293
-23.739
31.11
-35.285
-23.708
31.147
-35.246
-23.703
31.162
-35.257
-23.691
31.169
-35.263
-23.679
31.166
-35.241
-23.681
31.152
-35.227
-23.678
31.141
-35.241
-23.661
31.125
-35.228
-23.664
31.113
-35.218
-23.664
31.109
-35.211
-23.663
31.109
-35.188
-23.668
31.113
-35.171
-23.679
31.126
-35.173
-23.684
31.141
-35.203
-23.702
31.159
-35.249
-23.716
31.191
-35.3
-23.73
31.227
-35.347
-23.749
31.281
-35.36
-23.764
31.355
-35.316
-23.774
31.436
-35.246
-23.786
31.509
-35.182
-23.791
31.586
-35.143
-23.79
31.649
-35.118
-23.796
31.7
-35.098
-23.795
31.751
-35.114
-23.797
31.801
-35.12
-23.813
31.843
-35.098
-23.83
31.888
-35.076
-23.839
31.925
-35.071
-23.869
31.947
-35.055
-23.889
31.97
-35.056
-23.897
31.988
-35.057
-23.912
31.995
-35.048
-23.924
32
-35.055
-23.919
32.006
-35.06
-23.925
31.998
-35.082
-23.931
31.994
-35.087
-23.919
31.983
-35.114
-23.913
31.955
-35.149
-23.903
31.928
-35.178
-23.876
31.893
-35.18
-23.852
31.835
-35.196
-23.829
31.77
-35.213
-23.786
31.706
-35.204
-23.754
31.632
-35.207
-23.725
31.566
-35.238
-23.689
31.516
-35.263
-23.667
31.479
-35.257
-23.663
31.451
-35.247
-23.653
31.429
-35.219
-23.652
31.406
-35.197
-23.656
31.384
-35.156
-23.653
31.36
-35.144
-23.649
31.335
-35.145
-23.645
31.313
-35.156
-23.642
31.296
-35.137
-23.642
31.277
-35.146
-23.641
31.25
-35.119
-23.615
31.167
-35.037
-23.519
30.915
-34.776
-23.394
30.273
-35.32
-23.15
29.309
-36.026
-22.863
28.218
-36.966
-22.564
27.145
-38.122
-22.318
26.233
-39.494
-22.093
25.706
-40.137
-21.972
25.509
-40.617
-21.897
25.45
-40.914
-21.853
25.425
-41.055
-21.819
25.41
-41.143
-21.793
25.406
-41.17
-21.777
25.402
-41.147
-21.762
25.403
-41.115
-21.753
25.418
-41.097
-21.765
25.429
-41.091
-21.771
25.434
-41.079
-21.78
25.435
-41.102
-21.794
25.424
-41.126
-21.801
25.401
-41.134
-21.801
25.384
-41.137
-21.807
25.364
-41.127
-21.811
25.34
-41.124
-21.812
25.326
-41.109
-21.817
25.31
-41.125
-21.822
25.289
-41.151
-21.826
25.277
-41.191
-21.828
25.258
-41.223
-21.821
25.236
-41.242
-21.811
25.228
-41.222
-21.799
25.222
-41.182
-21.795
25.208
-41.17
-21.794
25.209
-41.137
-21.799
25.205
-41.113
-21.807
25.194
-41.096
-21.813
25.183
-41.116
-21.811
25.167
-41.116
-21.807
25.14
-41.146
-21.808
25.115
-41.192
-21.806
25.079
-41.245
-21.806
25.032
-41.299
-21.804
24.99
-41.316
-21.799
24.946
-41.348
-21.798
24.892
-41.439
-21.803
24.849
-41.495
-21.825
24.817
-41.631
-21.89
24.811
-41.852
-22.001
24.885
-41.963
-22.134
25.108
-41.837
-22.285
25.506
-41.627
-22.419
26.06
-41.179
-22.524
26.714
-40.658
-22.607
27.383
-40.211
-22.669
27.989
-39.902
-22.723
28.459
-39.72
-22.783
28.803
-39.694
-22.828
29.054
-39.653
-22.856
29.231
-39.636
-22.88
29.347
-39.648
-22.873
29.428
-39.541
-22.82
29.458
-39.45
-22.774
29.455
-39.516
-22.726
29.448
-39.557
-22.674
29.437
-39.608
-22.651
29.422
-39.778
-22.666
29.44
-39.905
-22.672
29.468
-39.905
-22.682
29.491
-39.938
-22.684
29.512
-39.947
-22.673
29.537
-39.927
-22.67
29.552
-39.919
-22.669
29.567
-39.912
-22.66
29.581
-39.876
-22.658
29.588
-39.865
-22.659
29.597
-39.848
-22.637
29.609
-39.737
-22.601
29.607
-39.702
-22.576
29.605
-39.688
-22.551
29.608
-39.667
-22.53
29.605
-39.668
-22.528
29.605
-39.759
-22.536
29.617
-39.766
-22.549
29.626
-39.822
-22.555
29.641
-39.851
-22.551
29.662
-39.864
-22.552
29.672
-39.899
-22.597
29.708
-39.806
-22.636
29.752
-39.659
-22.683
29.786
-39.544
-22.741
29.818
-39.457
-22.784
29.857
-39.333
-22.794
29.864
-39.343
-22.808
29.869
-39.381
-22.815
29.881
-39.398
-22.821
29.881
-39.405
-22.833
29.882
-39.434
-22.834
29.888
-39.443
-22.831
29.888
-39.422
-22.825
29.881
-39.415
-22.806
29.882
-39.399
-22.798
29.872
-39.382
-22.788
29.854
-39.374
-22.772
29.836
-39.36
-22.767
29.812
-39.339
-22.772
29.786
-39.32
-22.763
29.767
-39.314
-22.762
29.743
-39.33
-22.768
29.724
-39.372
-22.763
29.713
-39.397
-22.758
29.696
-39.416
-22.761
29.682
-39.43
-22.757
29.681
-39.402
-22.753
29.672
-39.386
-22.752
29.663
-39.392
-22.886
29.839
-38.346
-23.017
30.004
-37.3
-23.153
30.159
-36.302
-23.282
30.324
-35.253
-23.413
30.488
-34.184
-23.411
30.468
-34.217
-23.402
30.46
-34.221
-23.396
30.453
-34.202
-23.391
30.437
-34.212
-23.38
30.427
-34.227
-23.37
30.415
-34.215
-23.372
30.389
-34.227
-23.37
30.364
-34.24
-23.377
30.327
-34.236
-23.395
30.311
-34.247
-23.4
30.323
-34.265
-23.413
30.295
-34.26
-23.427
30.269
-34.263
-23.424
30.273
-34.283
-23.42
30.248
-34.3
-23.432
30.207
-34.28
-23.426
30.227
-34.296
-23.423
30.247
-34.314
-23.428
30.256
-34.314
-23.425
30.275
-34.292
-23.415
30.29
-34.307
-23.412
30.294
-34.302
-23.399
30.304
-34.275
-23.389
30.313
-34.265
-23.392
30.309
-34.306
-23.394
30.316
-34.294
-23.396
30.319
-34.307
-23.412
30.315
-34.335
-23.42
30.312
-34.362
-23.417
30.305
-34.36
-23.423
30.286
-34.373
-23.43
30.277
-34.392
-23.429
30.276
-34.392
-23.443
30.272
-34.39
-23.457
30.279
-34.376
-23.465
30.288
-34.372
-23.478
30.291
-34.346
-23.482
30.296
-34.32
-23.477
30.308
-34.313
-23.478
30.322
-34.332
-23.478
30.358
-34.333
-23.477
30.408
-34.322
-23.488
30.464
-34.316
-23.5
30.531
-34.307
-23.507
30.609
-34.288
-23.521
30.674
-34.262
-23.529
30.741
-34.256
-23.537
30.807
-34.236
-23.546
30.86
-34.209
-23.557
30.907
-34.166
-23.56
30.953
-34.159
-23.568
30.984
-34.134
-23.571
31.01
-34.114
-23.569
31.036
-34.082
-23.577
31.046
-34.091
-23.58
31.059
-34.079
-23.576
31.072
-34.065
-23.575
31.072
-34.063
-23.572
31.075
-34.08
-23.556
31.085
-34.046
-23.545
31.079
-34.046
-23.528
31.086
-34.01
-23.492
31.1
-34.013
-23.473
31.097
-34.028
-23.458
31.097
-34.055
-23.435
31.103
-34.066
-23.427
31.08
-34.151
-23.437
31.053
-34.196
-23.436
31.029
-34.195
-23.43
31
-34.21
-23.431
30.961
-34.248
-23.427
30.93
-34.243
-23.425
30.891
-34.228
-23.425
30.856
-34.247
-23.43
30.826
-34.292
-23.44
30.793
-34.313
-23.454
30.77
-34.322
-23.46
30.764
-34.351
-23.472
30.756
-34.368
-23.483
30.753
-34.336
-23.484
30.766
-34.303
-23.486
30.773
-34.303
-23.496
30.774
-34.305
-23.491
30.776
-34.301
-23.498
30.762
-34.317
-23.515
30.744
-34.358
-23.521
30.732
-34.366
-23.526
30.717
-34.366
-23.547
30.707
-34.413
-23.547
30.709
-34.42
-23.545
30.711
-34.432
-23.551
30.715
-34.463
-23.551
30.738
-34.491
-23.54
30.747
-34.496
-23.546
30.762
-34.528
-23.575
30.811
-34.789
-23.607
30.851
-35.06
-23.65
30.883
-35.332
-23.691
30.938
-35.577
-23.729
30.989
-35.816
-23.743
31.011
-35.798
-23.744
31.053
-35.747
-23.744
31.086
-35.713
-23.754
31.114
-35.721
-23.759
31.144
-35.715
-23.766
31.164
-35.724
-23.789
31.171
-35.754
-23.794
31.18
-35.757
-23.796
31.178
-35.776
-23.803
31.164
-35.814
-23.796
31.157
-35.832
-23.788
31.145
-35.86
-23.789
31.13
-35.882
-23.782
31.122
-35.872
-23.768
31.113
-35.857
-23.769
31.099
-35.83
-23.754
31.095
-35.802
-23.745
31.083
-35.797
-23.75
31.067
-35.787
-23.751
31.055
-35.789
-23.734
31.042
-35.767
-23.734
31.008
-35.784
-23.718
30.986
-35.789
-23.694
30.965
-35.778
-23.677
30.936
-35.761
-23.671
30.919
-35.792
-23.661
30.911
-35.764
-23.665
30.892
-35.752
-23.665
30.882
-35.736
-23.661
30.871
-35.731
-23.668
30.852
-35.725
-23.664
30.839
-35.725
-23.655
30.83
-35.737
-23.657
30.806
-35.785
-23.653
30.793
-35.804
-23.639
30.783
-35.79
-23.637
30.766
-35.802
-23.63
30.758
-35.801
-23.612
30.751
-35.78
-23.607
30.731
-35.808
-23.599
30.716
-35.872
-23.587
30.703
-35.875
-23.59
30.681
-35.891
-23.589
30.668
-35.888
-23.574
30.676
-35.84
-23.569
30.688
-35.685
-23.551
30.709
-35.602
-23.525
30.733
-35.486
-23.508
30.753
-35.411
-23.498
30.767
-35.325
-23.48
30.774
-35.355
-23.491
30.772
-35.352
-23.506
30.781
-35.356
-23.516
30.798
-35.301
-23.538
30.809
-35.3
-23.564
30.815
-35.294
-23.565
30.822
-35.272
-23.571
30.813
-35.255
-23.58
30.797
-35.281
-23.572
30.783
-35.295
-23.572
30.764
-35.316
-23.581
30.753
-35.35
-23.579
30.748
-35.393
-23.577
30.74
-35.453
-23.584
30.734
-35.489
-23.578
30.741
-35.49
-23.58
30.743
-35.499
-23.582
30.746
-35.512
-23.581
30.753
-35.516
-23.579
30.746
-35.5
-23.585
30.725
-35.499
-23.581
30.721
-35.551
-23.61
30.705
-35.528
-23.66
30.682
-35.453
-23.713
30.684
-35.385
-23.773
30.696
-35.309
-23.844
30.694
-35.189
-23.883
30.707
-35.141
-23.911
30.727
-35.133
-23.941
30.733
-35.165
-23.959
30.748
-35.201
-23.98
30.763
-35.228
-24.008
30.771
-35.28
-24.018
30.791
-35.293
-24.022
30.808
-35.281
-24.031
30.815
-35.287
-24.024
30.827
-35.263
-24.014
30.836
-35.214
-24.012
30.831
-35.2
-24.006
30.83
-35.192
-23.998
30.822
-35.187
-23.999
30.809
-35.237
-23.989
30.803
-35.254
-23.982
30.791
-35.291
-23.98
30.775
-35.325
-23.945
30.708
-35.163
-23.908
30.636
-34.975
-23.879
30.558
-34.804
-23.841
30.491
-34.611
-23.806
30.421
-34.414
-23.81
30.403
-34.403
-23.802
30.388
-34.385
-23.791
30.362
-34.376
-23.791
30.324
-34.369
-23.764
30.281
-34.364
-23.731
30.249
-34.365
-23.711
30.18
-34.31
-23.688
30.123
-34.271
-23.662
30.075
-34.223
-23.664
30.03
-34.192
-23.656
29.983
-34.128
-23.651
29.972
-34.116
-23.659
29.959
-34.091
-23.653
29.95
-34.057
-23.637
29.939
-34.033
-23.643
29.926
-34.021
-23.641
29.922
-34.029
-23.631
29.916
-34.046
-23.638
29.902
-34.09
-23.645
29.903
-34.123
-23.64
29.904
-34.165
-23.645
29.891
-34.196
-23.646
29.887
-34.217
-23.636
29.886
-34.22
-23.636
29.872
-34.197
-23.632
29.866
-34.177
-23.625
29.861
-34.167
-23.63
29.845
-34.174
-23.634
29.837
-34.183
-23.63
29.835
-34.194
-23.634
29.822
-34.216
-23.634
29.825
-34.211
-23.623
29.834
-34.205
-23.624
29.836
-34.197
-23.628
29.845
-34.2
-23.622
29.863
-34.184
-23.625
29.874
-34.192
-23.614
29.908
-34.208
-23.585
29.945
-34.259
-23.575
30.016
-34.302
-23.568
30.107
-34.36
-23.56
30.207
-34.383
-23.583
30.278
-34.424
-23.624
30.357
-34.42
-23.654
30.397
-34.432
-23.698
30.407
-34.456
-23.735
30.403
-34.507
-23.754
30.395
-34.55
-23.776
30.367
-34.597
-23.793
30.327
-34.622
-23.794
30.283
-34.629
-23.797
30.229
-34.644
-23.804
30.185
-34.632
-23.799
30.154
-34.649
-23.796
30.122
-34.689
-23.798
30.095
-34.734
-23.789
30.079
-34.761
-23.786
30.055
-34.793
-23.786
30.037
-34.817
-23.771
30.029
-34.821
-23.758
30.02
-34.819
-23.749
30.013
-34.844
-23.73
30.013
-34.847
-23.719
29.998
-34.84
-23.719
29.982
-34.852
-23.71
29.97
-34.869
-23.711
29.948
-34.854
-23.711
29.924
-34.868
-23.678
29.935
-34.788
-23.605
29.977
-34.674
-23.488
30.002
-34.626
-23.308
29.986
-34.621
-23.095
29.995
-34.74
-22.9
30.05
-34.961
-22.733
30.153
-35.205
-22.611
30.307
-35.331
-22.561
30.549
-35.395
-22.557
30.785
-35.313
-22.565
30.964
-35.206
-22.581
31.081
-35.081
-22.584
31.193
-35.007
-22.581
31.281
-34.991
-22.567
31.361
-34.969
-22.548
31.433
-34.966
-22.539
31.491
-34.969
-22.546
31.526
-34.964
-22.539
31.546
-34.925
-22.538
31.555
-34.905
-22.54
31.561
-34.876
-22.53
31.568
-34.852
-22.519
31.565
-34.813
-22.518
31.564
-34.786
-22.503
31.569
-34.733
-22.495
31.565
-34.713
-22.539
31.51
-34.894
-22.487
31.457
-34.635
-22.516
31.287
-34.414
-22.636
31.017
-34.203
-22.768
30.714
-33.78
-22.855
30.451
-33.163
-23.044
30.187
-33.023
-23.149
30.04
-32.82
-23.175
29.987
-32.603
-23.191
29.974
-32.587
-23.205
29.975
-32.569
-23.208
29.973
-32.54
-23.222
29.971
-32.529
-23.229
29.979
-32.543
-23.232
29.982
-32.541
-23.243
29.978
-32.561
-23.255
29.979
-32.581
-23.254
29.976
-32.585
-23.25
29.961
-32.562
-23.218
29.941
-32.545
-23.179
29.911
-32.561
-23.146
29.881
-32.537
-23.11
29.85
-32.54
-23.078
29.815
-32.569
-23.077
29.779
-32.617
-23.074
29.749
-32.621
-23.067
29.712
-32.647
-23.07
29.676
-32.656
-23.067
29.639
-32.691
-23.055
29.607
-32.673
-23.044
29.568
-32.661
-23.025
29.534
-32.654
-22.996
29.494
-32.639
-22.972
29.452
-32.605
-22.944
29.416
-32.613
-22.913
29.389
-32.604
-22.897
29.366
-32.596
-22.887
29.354
-32.609
-22.875
29.359
-32.583
-22.883
29.357
-32.569
-22.893
29.367
-32.549
-22.896
29.37
-32.538
-22.903
29.362
-32.528
-22.902
29.352
-32.52
-22.886
29.35
-32.507
-22.873
29.324
-32.498
-22.858
29.307
-32.481
-22.837
29.295
-32.474
-22.839
29.269
-32.493
-22.845
29.248
-32.478
-22.842
29.242
-32.453
-22.85
29.23
-32.477
-22.859
29.231
-32.443
-22.85
29.243
-32.413
-22.848
29.248
-32.414
-22.846
29.256
-32.433
-22.833
29.277
-32.394
-22.816
29.292
-32.427
-22.806
29.313
-32.432
-22.782
29.341
-32.449
-22.773
29.359
-32.486
-22.774
29.376
-32.548
-22.777
29.39
-32.547
-22.781
29.391
-32.561
-22.795
29.381
-32.577
-22.809
29.373
-32.573
-22.804
29.359
-32.548
-22.812
29.34
-32.576
-22.829
29.32
-32.645
-22.843
29.304
-32.686
-22.861
29.286
-32.703
-22.893
29.264
-32.75
-22.911
29.248
-32.794
-22.923
29.235
-32.779
-22.929
29.221
-32.801
-22.916
29.217
-32.839
-22.898
29.211
-32.84
-22.892
29.207
-32.856
-22.88
29.208
-32.886
-22.876
29.206
-32.868
-22.885
29.203
-32.86
-22.891
29.205
-32.883
-22.898
29.201
-32.863
-22.91
29.201
-32.882
-22.917
29.21
-32.904
-22.921
29.21
-32.938
-22.925
29.212
-32.943
-22.922
29.223
-32.944
-22.917
29.23
-32.915
-22.919
29.237
-32.912
-22.913
29.255
-32.87
-22.913
29.268
-32.851
-22.92
29.279
-32.825
-22.919
29.294
-32.822
-22.918
29.307
-32.789
-22.923
29.344
-32.781
-22.918
29.409
-32.803
-22.91
29.483
-32.843
-22.91
29.563
-32.902
-22.918
29.653
-32.995
-22.942
29.702
-33.1
-23.061
29.738
-33.473
-23.182
29.771
-33.852
-23.304
29.793
-34.192
-23.42
29.801
-34.503
-23.521
29.827
-34.784
-23.542
29.846
-34.771
-23.56
29.849
-34.759
-23.58
29.855
-34.728
-23.597
29.857
-34.719
-23.615
29.841
-34.735
-23.622
29.821
-34.745
-23.622
29.796
-34.74
-23.618
29.761
-34.783
-23.6
29.74
-34.811
-23.578
29.722
-34.838
-23.559
29.709
-34.842
-23.543
29.714
-34.878
-23.52
29.729
-34.892
-23.515
29.734
-34.9
-23.506
29.749
-34.896
-23.497
29.761
-34.893
-23.487
29.758
-34.847
-23.475
29.758
-34.791
-23.453
29.763
-34.756
-23.441
29.752
-34.77
-23.408
29.73
-34.752
-23.364
29.701
-34.735
-23.336
29.662
-34.717
-23.306
29.622
-34.709
-23.271
29.594
-34.643
-23.275
29.574
-34.624
-23.292
29.569
-34.624
-23.298
29.57
-34.633
-23.316
29.569
-34.634
-23.334
29.563
-34.662
-23.331
29.564
-34.696
-23.34
29.556
-34.76
-23.354
29.558
-34.799
-23.354
29.573
-34.813
-23.358
29.594
-34.814
-23.362
29.615
-34.823
-23.352
29.648
-34.788
-23.346
29.67
-34.775
-23.349
29.701
-34.77
-23.345
29.74
-34.735
-23.35
29.775
-34.717
-23.348
29.822
-34.673
-23.341
29.879
-34.636
-23.34
29.928
-34.596
-23.345
29.987
-34.563
-23.349
30.059
-34.503
-23.371
30.122
-34.488
-23.394
30.197
-34.46
-23.408
30.284
-34.442
-23.421
30.355
-34.449
-23.427
30.426
-34.472
-23.423
30.499
-34.463
-23.428
30.554
-34.477
-23.433
30.596
-34.476
-23.431
30.638
-34.472
-23.439
30.66
-34.477
-23.453
30.678
-34.517
-23.454
30.699
-34.533
-23.458
30.7
-34.585
-23.463
30.697
-34.628
-23.449
30.698
-34.646
-23.438
30.678
-34.687
-23.43
30.649
-34.722
-23.413
30.617
-34.734
-23.4
30.555
-34.768
-23.39
30.48
-34.798
-23.367
30.408
-34.806
-23.352
30.33
-34.835
-23.345
30.261
-34.855
-23.331
30.22
-34.873
-23.334
30.185
-34.863
-23.349
30.147
-34.856
-23.351
30.11
-34.834
-23.357
30.069
-34.817
-23.371
30.03
-34.781
-23.376
30.008
-34.777
-23.381
30.005
-34.744
-23.397
30.017
-34.715
-23.404
30.054
-34.685
-23.414
30.097
-34.649
-23.424
30.148
-34.617
-23.424
30.215
-34.583
-23.429
30.283
-34.562
-23.449
30.351
-34.558
-23.461
30.43
-34.561
-23.482
30.505
-34.548
-23.517
30.576
-34.548
-23.542
30.658
-34.533
-23.563
30.733
-34.525
-23.594
30.798
-34.515
-23.606
30.864
-34.497
-23.613
30.917
-34.496
-23.629
30.95
-34.496
-23.632
30.986
-34.445
-23.632
31.013
-34.419
-23.637
30.897
-34.607
-23.63
30.781
-34.799
-23.615
30.663
-34.987
-23.615
30.528
-35.213
-23.6
30.39
-35.407
-23.586
30.356
-35.427
-23.574
30.279
-35.411
-23.54
30.135
-35.44
-23.533
29.702
-35.862
-23.558
28.877
-36.747
-23.558
27.918
-37.73
-23.588
26.933
-38.964
-23.695
26.058
-40.213
-23.806
25.589
-41.026
-23.933
25.623
-41.402
-24.129
25.911
-41.679
-24.322
26.36
-41.676
-24.484
26.828
-41.586
-24.628
27.22
-41.504
-24.739
27.545
-41.384
-24.812
27.796
-41.232
-24.868
27.974
-41.126
-24.906
28.118
-41.054
-24.922
28.236
-40.997
-24.951
28.326
-40.976
-24.978
28.412
-40.968
-25.001
28.496
-40.941
-25.035
28.571
-40.941
-25.074
28.667
-40.946
-25.107
28.789
-40.943
-25.155
28.922
-40.969
-25.202
29.078
-41.026
-25.244
29.252
-41.05
-25.289
29.418
-41.082
-25.333
29.573
-41.1
-25.365
29.709
-41.088
-25.402
29.815
-41.059
-25.429
29.901
-41.039
-25.444
29.972
-41.008
-25.455
30.017
-41.002
-25.465
30.054
-41.019
-25.467
30.085
-41.019
-25.477
30.098
-41.014
-25.485
30.103
-41.006
-25.491
30.106
-40.993
-25.497
30.096
-40.985
-25.501
30.082
-40.996
-25.492
30.068
-40.991
-25.488
30.044
-41.018
-25.48
30.021
-41.018
-25.466
29.999
-41.005
-25.457
29.966
-41.008
-25.453
29.927
-41.045
-25.433
29.895
-41.022
-25.422
29.845
-41.046
-25.416
29.795
-41.036
-25.397
29.747
-41.007
-25.385
29.693
-40.99
-25.391
29.637
-41.039
-25.389
29.586
-41.028
-25.383
29.519
-41.049
-25.386
29.447
-41.049
-25.37
29.375
-41.009
-25.353
29.292
-40.952
-25.339
29.212
-40.943
-25.321
29.15
-40.921
-25.306
29.093
-40.93
-25.305
29.043
-40.955
-25.296
29.013
-40.981
-25.296
28.984
-40.986
-25.301
28.958
-40.996
-25.303
28.947
-41.003
-25.31
28.934
-41.01
-25.317
28.918
-41.027
-25.319
28.913
-41.046
-25.32
28.903
-41.069
-25.331
28.895
-41.078
-25.325
28.897
-41.085
-25.318
28.898
-41.05
-25.311
28.895
-41.046
-25.297
28.907
-41.044
-25.278
28.921
-41.022
-25.275
28.933
-41.013
-25.273
28.967
-41.018
-25.277
29.012
-40.981
-25.298
29.07
-40.94
-25.313
29.151
-40.927
-25.327
29.247
-40.904
-25.357
29.352
-40.879
-25.373
29.466
-40.861
-25.387
29.572
-40.83
-25.411
29.663
-40.824
-25.428
29.749
-40.777
-25.433
29.811
-40.771
-25.452
29.853
-40.76
-25.459
29.888
-40.766
-25.459
29.907
-40.761
-25.465
29.91
-40.806
-25.461
29.915
-40.796
-25.454
29.915
-40.812
-25.088
30.167
-39.48
-24.712
30.429
-38.129
-24.334
30.686
-36.76
-23.971
30.941
-35.428
-23.593
31.203
-34.052
-23.583
31.2
-34.033
-23.587
31.191
-34.03
-23.585
31.189
-34.033
-23.581
31.183
-34.041
-23.592
31.172
-34.073
-23.59
31.168
-34.066
-23.586
31.16
-34.074
-23.592
31.148
-34.101
-23.589
31.141
-34.099
-23.583
31.126
-34.11
-23.586
31.103
-34.158
-23.592
31.089
-34.177
-23.586
31.056
-34.176
-23.588
30.995
-34.199
-23.586
30.919
-34.226
-23.576
30.821
-34.262
-23.57
30.702
-34.306
-23.561
30.596
-34.328
-23.55
30.502
-34.356
-23.545
30.42
-34.384
-23.543
30.367
-34.384
-23.531
30.333
-34.387
-23.534
30.303
-34.435
-23.533
30.289
-34.443
-23.524
30.285
-34.458
-23.525
30.281
-34.478
-23.518
30.283
-34.48
-23.502
30.29
-34.443
-23.491
30.292
-34.473
-23.487
30.298
-34.48
-23.473
30.301
-34.502
-23.478
30.295
-34.539
-23.485
30.289
-34.602
-23.483
30.285
-34.619
-23.487
30.276
-34.648
-23.494
30.276
-34.67
-23.497
30.286
-34.677
-23.514
30.293
-34.685
-23.536
30.307
-34.684
-23.549
30.33
-34.672
-23.569
30.346
-34.669
-23.585
30.36
-34.67
-23.583
30.386
-34.65
-23.587
30.407
-34.636
-23.592
30.432
-34.625
-23.592
30.461
-34.607
-23.601
30.48
-34.593
-23.608
30.496
-34.565
-23.59
30.501
-34.539
-23.579
30.489
-34.53
-23.562
30.47
-34.544
-23.529
30.448
-34.527
-23.511
30.402
-34.549
-23.509
30.349
-34.563
-23.49
30.309
-34.6
-23.482
30.291
-34.607
-23.507
30.225
-34.537
-23.521
30.187
-34.441
-23.545
30.171
-34.321
-23.582
30.165
-34.17
-23.605
30.147
-34.008
-23.608
30.185
-33.97
-23.613
30.224
-33.932
-23.598
30.253
-33.924
-23.582
30.258
-33.936
-23.572
30.26
-33.95
-23.55
30.261
-33.96
-23.543
30.248
-33.99
-23.555
30.231
-34.056
-23.558
30.223
-34.082
-23.566
30.204
-34.112
-23.578
30.186
-34.151
-23.567
30.176
-34.173
-23.549
30.173
-34.143
-23.539
30.179
-34.082
-23.512
30.196
-34.03
-23.481
30.211
-33.986
-23.45
30.217
-33.909
-23.403
30.212
-33.867
-23.349
30.193
-33.886
-23.304
30.161
-33.916
-23.258
30.131
-33.89
-23.219
30.108
-33.87
-23.186
30.085
-33.853
-23.151
30.067
-33.807
-23.114
30.053
-33.775
-23.091
30.037
-33.738
-23.066
30.014
-33.737
-23.043
29.994
-33.734
-23.014
29.962
-33.774
-22.992
29.937
-33.779
-22.962
29.912
-33.824
-22.947
29.896
-33.871
-22.925
29.882
-33.886
-22.919
29.876
-33.879
-23.077
30.224
-34.188
-23.226
30.576
-34.499
-23.372
30.926
-34.786
-23.533
31.271
-35.094
-23.683
31.617
-35.407
-23.665
31.595
-35.414
-23.664
31.569
-35.428
-23.655
31.545
-35.47
-23.652
31.526
-35.529
-23.681
31.515
-35.578
-23.721
31.519
-35.672
-23.776
31.545
-35.798
-23.848
31.604
-35.912
-23.919
31.718
-35.943
-23.972
31.877
-35.976
-24.029
32.07
-35.955
-24.07
32.266
-35.877
-24.102
32.432
-35.799
-24.139
32.546
-35.772
-24.172
32.615
-35.717
-24.185
32.635
-35.643
-24.2
32.618
-35.579
-24.205
32.566
-35.504
-24.2
32.478
-35.451
-24.195
32.355
-35.408
-24.184
32.216
-35.37
-24.149
32.051
-35.298
-24.093
31.885
-35.17
-24.011
31.722
-35.075
-23.92
31.585
-35.018
-23.822
31.462
-34.908
-23.711
31.352
-34.951
-23.616
31.277
-35.077
-23.544
31.226
-35.179
-23.483
31.19
-35.252
-23.435
31.164
-35.334
-23.413
31.156
-35.327
-23.388
31.144
-35.312
-23.365
31.146
-35.27
-23.347
31.131
-35.25
-23.335
31.133
-35.242
-23.319
31.14
-35.201
-23.314
31.134
-35.163
-23.309
31.119
-35.211
-23.303
31.119
-35.25
-23.3
31.103
-35.277
-23.307
31.092
-35.35
-23.309
31.091
-35.372
-23.305
31.084
-35.329
-23.299
31.077
-35.306
-23.288
31.076
-35.306
-23.277
31.071
-35.253
-23.266
31.066
-35.218
-23.256
31.064
-35.217
-23.253
31.052
-35.22
-23.257
31.04
-35.207
-23.259
31.02
-35.255
-23.274
30.999
-35.337
-23.3
30.997
-35.395
-23.31
31.004
-35.361
-23.323
31.001
-35.407
-23.343
31.02
-35.423
-23.364
31.041
-35.43
-23.387
31.046
-35.426
-23.441
31.055
-35.537
-23.519
31.089
-35.648
-23.611
31.144
-35.791
-23.711
31.238
-35.94
-23.804
31.39
-36.049
-23.885
31.575
-36.127
-23.94
31.783
-36.157
-23.976
31.996
-36.13
-24.005
32.189
-36.11
-24.042
32.346
-36.114
-24.06
32.473
-36.078
-24.087
32.56
-36.057
-24.112
32.621
-36.023
-24.129
32.671
-35.976
-24.14
32.696
-35.917
-24.163
32.704
-35.863
-24.157
32.69
-35.811
-24.148
32.641
-35.787
-24.141
32.553
-35.783
-24.118
32.438
-35.807
-24.086
32.291
-35.839
-24.053
32.126
-35.836
-24.001
31.962
-35.777
-23.926
31.79
-35.639
-23.84
31.625
-35.446
-23.708
31.466
-35.218
-23.57
31.305
-35.126
-23.45
31.163
-35.152
-23.333
31.058
-35.185
-23.222
30.955
-35.268
-23.158
30.873
-35.459
-23.111
30.839
-35.551
-23.074
30.815
-35.586
-23.054
30.79
-35.647
-23.045
30.784
-35.737
-23.037
30.781
-35.722
-23.043
30.775
-35.761
-23.047
30.782
-35.779
-23.059
30.804
-35.786
-23.073
30.829
-35.747
-23.081
30.856
-35.758
-23.088
30.878
-35.758
-23.095
30.898
-35.728
-23.088
30.907
-35.715
-23.075
30.897
-35.672
-23.075
30.88
-35.734
-23.069
30.878
-35.704
-23.067
30.866
-35.724
-23.082
30.87
-35.736
-23.096
30.897
-35.743
-23.12
30.926
-35.704
-23.166
30.947
-35.75
-23.23
30.989
-35.767
-23.319
31.046
-35.816
-23.453
31.134
-35.957
-23.591
31.267
-36.023
-23.715
31.408
-36.079
-23.833
31.54
-36.162
-23.915
31.656
-36.253
-23.964
31.745
-36.315
-24.005
31.799
-36.386
-24.027
31.838
-36.397
-24.028
31.853
-36.39
-24.038
31.846
-36.388
-24.042
31.836
-36.368
-24.043
31.825
-36.357
-24.054
31.809
-36.372
-24.058
31.798
-36.381
-24.061
31.79
-36.375
-24.071
31.782
-36.396
-24.072
31.785
-36.371
-24.067
31.787
-36.371
-24.077
31.79
-36.408
-24.074
31.802
-36.411
-24.061
31.812
-36.38
-24.06
31.811
-36.416
-24.051
31.818
-36.392
-24.025
31.818
-36.303
-23.99
31.791
-36.16
-23.924
31.724
-35.991
-23.828
31.622
-35.798
-23.738
31.505
-35.643
-23.626
31.382
-35.488
-23.508
31.265
-35.455
-23.424
31.176
-35.508
-23.345
31.117
-35.483
-23.266
31.061
-35.502
-23.221
31.01
-35.597
-23.192
30.978
-35.631
-23.149
30.945
-35.602
-23.114
30.91
-35.694
-23.08
30.876
-35.746
-23.046
30.847
-35.778
-23.019
30.816
-35.807
-22.996
30.787
-35.897
-22.988
30.775
-35.906
-22.996
30.768
-35.944
-23.01
30.775
-35.908
-23.02
30.776
-35.893
-23.033
30.773
-35.834
-23.04
30.754
-35.832
-23.041
30.74
-35.816
-23.049
30.72
-35.887
-23.063
30.717
-35.922
-23.084
30.723
-35.946
-23.109
30.726
-35.926
-23.128
30.705
-35.971
-23.142
30.685
-35.969
-23.18
30.67
-36.114
-23.24
30.698
-36.242
-23.331
30.775
-36.438
-23.478
30.906
-36.604
-23.655
31.07
-36.751
-23.831
31.237
-36.768
-24.002
31.372
-36.831
-24.132
31.476
-36.838
-24.199
31.546
-36.79
-24.235
31.577
-36.795
-24.249
31.595
-36.84
-24.242
31.604
-36.86
-24.247
31.604
-36.891
-24.275
31.589
-37.036
-24.331
31.513
-37.256
-24.426
31.35
-37.488
-24.524
31.109
-37.675
-24.595
30.785
-37.87
-24.644
30.405
-37.994
-24.642
30.035
-38.045
-24.586
29.724
-38.121
-24.534
29.483
-38.251
-24.503
29.318
-38.359
-24.475
29.215
-38.439
-24.465
29.15
-38.533
-24.474
29.099
-38.545
-24.47
29.053
-38.551
-24.466
28.998
-38.556
-24.461
28.733
-37.907
-24.44
28.464
-37.279
-24.418
28.195
-36.685
-24.408
27.931
-36.107
-24.393
27.677
-35.554
-24.39
27.629
-35.646
-24.4
27.601
-35.705
-24.399
27.581
-35.736
-24.398
27.556
-35.768
-24.397
27.534
-35.763
-24.379
27.523
-35.79
-24.364
27.496
-35.792
-24.353
27.447
-35.767
-24.322
27.395
-35.764
-24.304
27.337
-35.796
-24.297
27.273
-35.818
-24.277
27.229
-35.824
-24.268
27.192
-35.92
-24.279
27.163
-35.99
-24.268
27.147
-36.005
-24.26
27.135
-35.999
-24.259
27.128
-36.009
-24.245
27.142
-35.984
-24.234
27.158
-35.928
-24.235
27.174
-35.924
-24.226
27.19
-35.922
-24.221
27.179
-35.942
-24.22
27.156
-35.96
-24.204
27.136
-35.99
-24.189
27.106
-36.009
-24.185
27.08
-36.052
-24.177
27.076
-36.077
-24.179
27.072
-36.118
-24.193
27.065
-36.138
-24.202
27.065
-36.145
-24.207
27.057
-36.145
-24.182
27.033
-36.035
-24.081
27
-35.922
-23.923
26.96
-35.67
-23.731
26.878
-35.569
-23.529
26.823
-35.587
-23.405
26.883
-35.664
-23.394
27.123
-35.498
-23.449
27.511
-35.333
-23.555
28.065
-34.903
-23.707
28.705
-34.278
-23.834
29.312
-33.586
-23.936
29.793
-33.098
-24.038
30.16
-32.757
-24.129
30.422
-32.464
-24.16
30.607
-32.086
-24.153
30.741
-31.934
-24.13
30.857
-31.835
-24.107
30.963
-31.759
-24.095
31.081
-31.738
-24.115
31.217
-31.896
-24.165
31.373
-31.936
-24.23
31.536
-31.931
-24.28
31.707
-31.893
-24.323
31.858
-31.866
-24.376
31.979
-31.81
-24.416
32.088
-31.719
-24.446
32.183
-31.65
-24.486
32.263
-31.593
-24.523
32.344
-31.536
-24.546
32.41
-31.481
-24.577
32.453
-31.477
-24.597
32.493
-31.449
-24.607
32.521
-31.442
-24.62
32.544
-31.43
-24.627
32.569
-31.416
-24.631
32.594
-31.402
-24.644
32.602
-31.41
-24.654
32.624
-31.392
-24.663
32.639
-31.363
-24.676
32.647
-31.352
-24.681
32.658
-31.327
-24.679
32.676
-31.294
-24.689
32.679
-31.308
-24.696
32.682
-31.333
-24.695
32.689
-31.334
-24.71
32.687
-31.374
-24.72
32.687
-31.388
-24.717
32.694
-31.378
-24.724
32.692
-31.37
-24.732
32.69
-31.365
-24.723
32.684
-31.341
-24.724
32.666
-31.355
-24.725
32.646
-31.367
-24.709
32.63
-31.375
-24.703
32.603
-31.39
-24.694
32.569
-31.424
-24.668
32.516
-31.408
-24.637
32.412
-31.425
-24.582
32.249
-31.45
-24.473
31.954
-31.39
-24.26
31.431
-31.13
-24.017
30.591
-31.476
-23.749
29.552
-32.009
-23.503
28.412
-32.863
-23.331
27.356
-33.967
-23.335
26.538
-35.287
-23.436
26.075
-36.019
-23.607
25.879
-36.494
-23.796
25.863
-36.633
-23.971
25.915
-36.627
-24.094
25.997
-36.58
-24.167
26.091
-36.505
-24.215
26.172
-36.468
-24.255
26.255
-36.415
-24.282
26.346
-36.291
-24.304
26.404
-36.18
-24.316
26.443
-36.128
-24.322
26.505
-36.099
-24.348
26.592
-36.045
-24.388
26.71
-35.99
-24.44
26.878
-35.869
-24.521
27.064
-35.73
-24.617
27.251
-35.565
-24.692
27.412
-35.397
-24.765
27.525
-35.275
-24.819
27.603
-35.176
-24.839
27.664
-35.037
-24.839
27.685
-34.932
-24.841
27.689
-34.902
-24.82
27.695
-34.857
-24.81
27.689
-34.862
-24.814
27.678
-34.913
-24.815
27.684
-34.918
-24.817
27.685
-34.913
-24.829
27.684
-34.921
-24.822
27.693
-34.9
-24.821
27.695
-34.919
-24.833
27.697
-34.969
-24.834
27.709
-34.988
-24.84
27.711
-34.996
-24.853
27.699
-35.026
-24.84
27.683
-34.976
-24.814
27.627
-34.944
-24.783
27.534
-34.951
-24.727
27.427
-34.958
-24.668
27.296
-35.004
-24.605
27.157
-35.095
-24.532
27.027
-35.175
-24.469
26.914
-35.248
-24.442
26.82
-35.384
-24.408
26.761
-35.435
-24.397
26.715
-35.509
-24.4
26.692
-35.538
-24.398
26.687
-35.568
-24.387
26.676
-35.566
-24.39
26.659
-35.605
-24.378
26.652
-35.618
-24.377
26.641
-35.675
-24.379
26.621
-35.735
-24.37
26.612
-35.774
-24.365
26.599
-35.775
-24.368
26.578
-35.786
-24.36
26.571
-35.744
-24.358
26.563
-35.703
-24.366
26.552
-35.679
-24.364
26.553
-35.665
-24.364
26.578
-35.65
-24.369
26.672
-35.654
-24.354
26.849
-35.545
-24.329
27.116
-35.34
-24.313
27.536
-35.075
-24.3
28.098
-34.818
-24.333
28.679
-34.547
-24.418
29.23
-34.364
-24.514
29.744
-34.206
-24.608
30.129
-34.047
-24.689
30.381
-33.849
-24.723
30.555
-33.685
-24.725
30.677
-33.524
-24.727
30.752
-33.407
-24.721
30.795
-33.353
-24.721
30.808
-33.343
-24.724
30.804
-33.326
-24.718
30.801
-33.304
-24.707
30.79
-33.256
-24.695
30.773
-33.254
-24.677
30.748
-33.26
-24.655
30.712
-33.241
-24.622
30.624
-33.172
-24.482
30.427
-32.783
-24.319
29.954
-33.035
-24.161
29.332
-33.395
-24.02
28.696
-33.869
-23.921
28.18
-34.442
-23.959
27.88
-35.269
-24.045
27.963
-35.36
-24.152
28.29
-35.197
-24.278
28.703
-34.906
-24.393
29.086
-34.572
-24.496
29.385
-34.284
-24.6
29.599
-34.063
-24.686
29.747
-33.936
-24.736
29.844
-33.839
-24.778
29.907
-33.754
-24.567
30.138
-33.832
-24.342
30.354
-33.864
-24.125
30.56
-33.925
-23.899
30.769
-33.985
-23.669
30.979
-34.036
-23.678
31.004
-34.007
-23.674
31.026
-33.998
-23.668
31.036
-33.983
-23.678
31.032
-33.988
-23.686
31.022
-33.998
-23.685
31.01
-33.983
-23.703
30.995
-34.003
-23.715
30.981
-34.046
-23.72
30.965
-34.081
-23.73
30.932
-34.145
-23.729
30.893
-34.216
-23.72
30.844
-34.272
-23.722
30.786
-34.329
-23.728
30.724
-34.378
-23.721
30.664
-34.349
-23.734
30.596
-34.305
-23.744
30.526
-34.268
-23.743
30.465
-34.197
-23.745
30.407
-34.14
-23.755
30.365
-34.118
-23.761
30.342
-34.08
-23.774
30.329
-34.059
-23.783
30.325
-34.041
-23.788
30.327
-34.017
-23.794
30.326
-33.994
-23.795
30.331
-34.014
-23.789
30.339
-34.021
-23.794
30.348
-34.015
-23.801
30.358
-34.031
-23.801
30.368
-34.048
-23.816
30.37
-34.046
-23.828
30.367
-34.036
-23.831
30.351
-34.051
-23.837
30.323
-34.058
-23.855
30.294
-34.108
-23.856
30.265
-34.155
-23.86
30.233
-34.201
-23.864
30.224
-34.263
-23.847
30.247
-34.296
-23.82
30.29
-34.321
-23.781
30.37
-34.366
-23.733
30.481
-34.422
-23.689
30.597
-34.476
-23.658
30.713
-34.518
-23.619
30.816
-34.51
-23.597
30.891
-34.47
-23.58
30.954
-34.435
-23.556
31.002
-34.364
-23.541
31.027
-34.331
-23.538
31.049
-34.316
-23.528
31.063
-34.305
-23.527
31.059
-34.293
-23.538
31.039
-34.337
-23.545
31
-34.352
-23.561
30.933
-34.37
-23.588
30.842
-34.366
-23.603
30.727
-34.312
-23.61
30.591
-34.22
-23.606
30.464
-34.118
-23.589
30.343
-34.004
-23.572
30.24
-33.924
-23.557
30.159
-33.892
-23.537
30.102
-33.855
-23.525
30.05
-33.876
-23.517
30.019
-33.897
-23.499
29.993
-33.915
-23.49
29.973
-33.912
-23.488
29.966
-33.918
-23.483
29.968
-33.903
-23.477
29.964
-33.891
-23.478
29.964
-33.872
-23.47
29.962
-33.862
-23.468
29.953
-33.843
-23.466
29.944
-33.834
-23.46
29.937
-33.816
-23.461
29.932
-33.811
-23.473
29.933
-33.811
-23.474
29.94
-33.813
-23.485
29.948
-33.805
-23.506
29.96
-33.826
-23.513
29.979
-33.829
-23.524
29.99
-33.854
-23.54
29.997
-33.907
-23.55
30.008
-33.946
-23.557
30.014
-33.986
-23.578
30.018
-34.071
-23.594
30.037
-34.1
-23.618
30.063
-34.113
-23.65
30.113
-34.164
-23.666
30.196
-34.216
-23.668
30.309
-34.258
-23.655
30.446
-34.363
-23.622
30.612
-34.42
-23.587
30.764
-34.445
-23.564
30.898
-34.471
-23.586
30.989
-34.509
-23.625
31.04
-34.52
-23.675
31.067
-34.551
-23.715
31.085
-34.579
-23.757
31.083
-34.604
-23.759
31.092
-34.599
-23.752
31.104
-34.571
-23.743
31.104
-34.568
-23.747
31.094
-34.578
-23.739
31.084
-34.572
-23.74
31.074
-34.554
-23.752
31.063
-34.574
-23.75
31.059
-34.566
-23.744
31.05
-34.557
-23.758
31.041
-34.548
-23.749
31.01
-34.556
-23.735
30.953
-34.532
-23.739
30.867
-34.573
-23.729
30.759
-34.568
-23.716
30.627
-34.569
-23.711
30.476
-34.543
-23.7
30.332
-34.507
-23.681
30.199
-34.411
-23.677
30.084
-34.383
-23.661
30.002
-34.344
-23.658
29.962
-34.346
-23.667
29.95
-34.357
-23.676
29.969
-34.38
-23.675
30.001
-34.39
-23.687
30.037
-34.432
-23.692
30.085
-34.422
-23.687
30.129
-34.422
-23.695
30.163
-34.439
-23.704
30.201
-34.427
-23.71
30.229
-34.39
-23.723
30.244
-34.386
-23.728
30.255
-34.375
-23.73
30.258
-34.368
-23.753
30.262
-34.398
-23.781
30.286
-34.444
-23.794
30.328
-34.498
-23.812
30.398
-34.604
-23.807
30.506
-34.681
-23.777
30.631
-34.755
-23.745
30.757
-34.826
-23.714
30.879
-34.863
-23.689
30.98
-34.848
-23.689
31.05
-34.846
-23.696
31.102
-34.809
-23.696
31.132
-34.767
-23.707
31.147
-34.74
-23.715
31.158
-34.72
-23.712
31.163
-34.69
-23.717
31.157
-34.688
-23.72
31.157
-34.688
-23.715
31.154
-34.692
-23.723
31.145
-34.718
-23.728
31.143
-34.742
-23.717
31.144
-34.731
-23.713
31.14
-34.759
-23.704
31.143
-34.772
-23.684
31.147
-34.754
-23.668
31.139
-34.76
-23.661
31.137
-34.775
-23.645
31.129
-34.76
-23.644
31.105
-34.777
-23.639
31.07
-34.808
-23.626
31.03
-34.807
-23.626
30.957
-34.806
-23.631
30.873
-34.755
-23.623
30.766
-34.688
-23.624
30.646
-34.636
-23.631
30.533
-34.604
-23.631
30.444
-34.557
-23.635
30.372
-34.552
-23.642
30.333
-34.541
-23.647
30.315
-34.503
-23.656
30.299
-34.488
-23.66
30.286
-34.509
-23.659
30.281
-34.532
-23.671
30.27
-34.576
-23.682
30.272
-34.618
-23.685
30.285
-34.637
-23.687
30.31
-34.644
-23.677
30.354
-34.657
-23.645
30.429
-34.659
-23.61
30.52
-34.68
-23.575
30.629
-34.699
-23.541
30.747
-34.711
-23.533
30.852
-34.716
-23.533
30.941
-34.71
-23.538
31.014
-34.648
-23.549
31.06
-34.598
-23.564
31.094
-34.556
-23.564
31.113
-34.545
-23.575
31.12
-34.545
-23.584
31.124
-34.578
-23.581
31.13
-34.611
-23.59
31.124
-34.652
-23.593
31.126
-34.631
-23.555
31.082
-34.758
-23.525
31.032
-34.908
-23.499
30.984
-35.051
-23.46
30.943
-35.166
-23.43
30.895
-35.296
-23.436
30.898
-35.302
-23.434
30.906
-35.292
-23.436
30.908
-35.295
-23.444
30.91
-35.291
-23.438
30.91
-35.304
-23.444
30.909
-35.286
-23.451
30.919
-35.264
-23.452
30.948
-35.202
-23.461
30.983
-35.174
-23.486
31.034
-35.149
-23.49
31.095
-35.091
-23.506
31.152
-35.059
-23.517
31.207
-35.061
-23.518
31.266
-35.035
-23.52
31.317
-35.004
-23.528
31.356
-35.037
-23.516
31.391
-35.032
-23.521
31.41
-35.038
-23.526
31.411
-35.062
-23.515
31.405
-35.084
-23.508
31.386
-35.097
-23.514
31.359
-35.113
-23.508
31.334
-35.087
-23.5
31.305
-35.073
-23.504
31.278
-35.066
-23.499
31.267
-35.021
-23.493
31.252
-35.014
-23.484
31.235
-35.027
-23.47
31.22
-35.034
-23.466
31.199
-35.029
-23.46
31.174
-35.046
-23.443
31.151
-35.077
-23.43
31.128
-35.085
-23.427
31.113
-35.069
-23.409
31.108
-35.055
-23.397
31.088
-35.049
-23.399
31.057
-35.054
-23.399
31.025
-35.048
-23.402
30.986
-35.081
-23.411
30.955
-35.098
-23.422
30.959
-35.08
-23.437
30.983
-35.016
-23.46
31.014
-35.023
-23.463
31.056
-34.955
-23.47
31.083
-34.933
-23.476
31.083
-34.959
-23.47
31.08
-34.967
-23.459
31.071
-34.95
-23.467
31.054
-35.011
-23.463
31.045
-35.025
-23.46
31.039
-35.008
-23.464
31.029
-35.017
-23.465
31.029
-35.026
-23.461
31.026
-35.003
-23.466
31.023
-35.004
-23.465
31.03
-35.024
-23.461
31.039
-35.028
-23.458
31.047
-35.046
-23.459
31.069
-35.047
-23.455
31.096
-35.035
-23.462
31.135
-35.005
-23.471
31.178
-35.006
-23.475
31.237
-34.963
-23.483
31.298
-34.938
-23.498
31.361
-34.926
-23.503
31.431
-34.894
-23.502
31.506
-34.832
-23.511
31.563
-34.811
-23.507
31.621
-34.798
-23.504
31.67
-34.779
-23.516
31.697
-34.771
-23.526
31.722
-34.79
-23.535
31.742
-34.79
-23.556
31.744
-34.832
-23.574
31.75
-34.855
-23.581
31.751
-34.901
-23.598
31.738
-34.958
-23.601
31.735
-34.958
-23.599
31.732
-34.928
-23.603
31.719
-34.938
-23.599
31.713
-34.949
-23.586
31.71
-34.908
-23.591
31.687
-34.942
-23.59
31.674
-34.974
-23.578
31.658
-34.978
-23.579
31.634
-34.981
-23.576
31.609
-35.011
-23.56
31.591
-35.02
-23.553
31.559
-35.047
-23.545
31.539
-35.081
-23.531
31.523
-35.075
-23.53
31.504
-35.068
-23.527
31.494
-35.056
-23.519
31.488
-35.027
-23.523
31.469
-35.013
-23.544
31.391
-34.979
-23.561
31.308
-34.974
-23.597
31.205
-34.951
-23.629
31.113
-34.909
-23.652
31.014
-34.861
-23.663
30.958
-34.863
-23.668
30.903
-34.875
-23.661
30.852
-34.897
-23.676
30.788
-34.936
-23.682
30.74
-34.97
-23.674
30.709
-34.995
-23.669
30.683
-34.979
-23.657
30.673
-34.954
-23.628
30.676
-34.918
-23.621
30.672
-34.908
-23.615
30.676
-34.886
-23.605
30.682
-34.826
-23.606
30.678
-34.778
-23.603
30.673
-34.739
-23.6
30.683
-34.635
-23.613
30.681
-34.603
-23.637
30.698
-34.591
-23.657
30.732
-34.554
-23.689
30.771
-34.547
-23.709
30.816
-34.568
-23.72
30.878
-34.504
-23.739
30.928
-34.461
-23.758
30.971
-34.465
-23.768
31.014
-34.425
-23.785
31.038
-34.435
-23.801
31.058
-34.479
-23.801
31.079
-34.518
-23.809
31.083
-34.553
-23.819
31.082
-34.588
-23.818
31.086
-34.587
-23.823
31.076
-34.57
-23.831
31.066
-34.547
-23.823
31.062
-34.51
-23.819
31.051
-34.494
-23.818
31.04
-34.482
-23.802
31.037
-34.506
-23.794
31.026
-34.527
-23.778
31.018
-34.547
-23.753
31.017
-34.561
-23.738
31.007
-34.579
-23.728
30.997
-34.573
-23.706
30.989
-34.572
-23.698
30.965
-34.603
-23.689
30.941
-34.605
-23.67
30.917
-34.602
-23.659
30.883
-34.6
-23.655
30.851
-34.609
-23.647
30.828
-34.617
-23.653
30.805
-34.632
-23.66
30.789
-34.638
-23.663
30.786
-34.622
-23.675
30.782
-34.6
-23.693
30.781
-34.571
-23.697
30.787
-34.53
-23.708
30.781
-34.523
-23.721
30.769
-34.553
-23.721
30.756
-34.579
-23.732
30.733
-34.586
-23.745
30.699
-34.638
-23.744
30.669
-34.635
-23.744
30.621
-34.642
-23.734
30.563
-34.657
-23.697
30.522
-34.653
-23.655
30.476
-34.642
-23.62
30.433
-34.67
-23.58
30.408
-34.674
-23.554
30.394
-34.665
-23.547
30.379
-34.698
-23.543
30.377
-34.704
-23.541
30.371
-34.698
-23.544
30.364
-34.713
-23.536
30.364
-34.708
-23.533
30.353
-34.696
-23.539
30.342
-34.696
-23.536
30.341
-34.685
-23.535
30.339
-34.668
-23.546
30.33
-34.677
-23.546
30.335
-34.672
-23.547
30.338
-34.658
-23.558
30.331
-34.681
-23.559
30.335
-34.687
-23.558
30.334
-34.68
-23.571
30.325
-34.684
-23.563
30.325
-34.702
-23.556
30.328
-34.689
-23.561
30.324
-34.682
-23.556
30.335
-34.654
-23.555
30.342
-34.663
-23.575
30.347
-34.688
-23.578
30.364
-34.675
-23.578
30.383
-34.669
-23.59
30.399
-34.719
-23.593
30.441
-34.703
-23.593
30.492
-34.645
-23.613
30.546
-34.661
-23.658
30.687
-34.783
-23.704
30.842
-34.882
-23.748
30.992
-35.015
-23.783
31.139
-35.167
-23.817
31.279
-35.29
-23.832
31.337
-35.309
-23.833
31.387
-35.307
-23.841
31.423
-35.342
-23.863
31.443
-35.389
-23.874
31.461
-35.421
-23.88
31.469
-35.437
-23.895
31.464
-35.49
-23.904
31.46
-35.485
-23.902
31.457
-35.473
-23.906
31.444
-35.485
-23.899
31.438
-35.497
-23.891
31.43
-35.481
-23.887
31.415
-35.503
-23.879
31.401
-35.531
-23.877
31.38
-35.558
-23.884
31.341
-35.586
-23.872
31.266
-35.535
-23.843
31.173
-35.46
-23.826
31.068
-35.415
-23.801
30.978
-35.326
-23.77
30.898
-35.26
-23.761
30.849
-35.297
-23.755
30.821
-35.313
-23.737
30.805
-35.293
-23.725
30.784
-35.316
-23.718
30.776
-35.29
-23.705
30.773
-35.259
-23.709
30.774
-35.247
-23.722
30.783
-35.239
-23.726
30.792
-35.222
-23.734
30.799
-35.242
-23.747
30.812
-35.254
-23.746
30.822
-35.253
-23.747
30.826
-35.266
-23.758
30.838
-35.281
-23.751
30.845
-35.286
-23.751
30.847
-35.298
-23.753
30.853
-35.309
-23.745
30.861
-35.281
-23.743
30.863
-35.263
-23.748
30.872
-35.26
-23.748
30.885
-35.238
-23.762
30.901
-35.242
-23.782
30.938
-35.243
-23.791
31.003
-35.237
-23.817
31.076
-35.27
-23.844
31.167
-35.293
-23.856
31.258
-35.301
-23.877
31.332
-35.348
-23.902
31.385
-35.386
-23.912
31.425
-35.365
-23.923
31.44
-35.406
-23.938
31.454
-35.434
-23.94
31.463
-35.459
-23.949
31.46
-35.496
-23.958
31.457
-35.536
-23.956
31.456
-35.533
-23.964
31.452
-35.551
-23.968
31.452
-35.548
-23.961
31.455
-35.541
-23.962
31.45
-35.56
-23.968
31.453
-35.57
-23.961
31.453
-35.569
-23.96
31.449
-35.567
-23.959
31.453
-35.579
-23.946
31.46
-35.571
-23.935
31.459
-35.572
-23.931
31.465
-35.561
-23.922
31.47
-35.57
-23.922
31.464
-35.575
-23.927
31.466
-35.568
-23.922
31.471
-35.553
-23.92
31.464
-35.554
-23.923
31.465
-35.555
-23.911
31.47
-35.51
-23.906
31.466
-35.491
-23.902
31.465
-35.46
-23.895
31.469
-35.449
-23.892
31.462
-35.45
-23.898
31.457
-35.443
-23.894
31.46
-35.408
-23.889
31.45
-35.384
-23.884
31.44
-35.358
-23.867
31.427
-35.28
-23.854
31.38
-35.286
-23.852
31.298
-35.255
-23.832
31.209
-35.2
-23.806
31.114
-35.085
-23.793
31.023
-35.013
-23.777
30.966
-34.887
-23.768
30.933
-34.832
-23.773
30.911
-34.829
-23.774
30.896
-34.85
-23.773
30.878
-34.867
-23.775
30.855
-34.927
-23.789
30.843
-34.676
-23.815
30.836
-34.386
-23.847
30.833
-34.109
-23.866
30.84
-33.832
-23.889
30.846
-33.513
-23.891
30.848
-33.5
-23.882
30.853
-33.519
-23.883
30.847
-33.563
-23.9
30.84
-33.601
-23.905
30.836
-33.644
-23.908
30.829
-33.664
-23.917
30.819
-33.679
-23.918
30.821
-33.657
-23.912
30.817
-33.637
-23.916
30.836
-33.662
-23.918
30.864
-33.726
-23.927
30.896
-33.755
-23.955
30.928
-33.839
-23.981
30.976
-33.903
-24.01
31.002
-33.957
-24.052
31.032
-33.963
-24.084
31.07
-33.997
-24.103
31.105
-33.974
-24.131
31.14
-33.967
-24.148
31.189
-33.912
-24.15
31.222
-33.899
-24.162
31.247
-33.887
-24.166
31.271
-33.88
-24.162
31.28
-33.876
-24.164
31.282
-33.89
-24.161
31.295
-33.869
-24.151
31.3
-33.846
-24.152
31.301
-33.855
-24.144
31.311
-33.823
-24.138
31.311
-33.789
-24.135
31.301
-33.767
-24.126
31.299
-33.766
-24.108
31.296
-33.74
-24.105
31.287
-33.761
-24.095
31.285
-33.745
-24.091
31.282
-33.745
-24.097
31.277
-33.731
-24.094
31.282
-33.706
-24.087
31.284
-33.675
-24.094
31.278
-33.709
-24.086
31.28
-33.684
-24.069
31.279
-33.658
-24.068
31.264
-33.653
-24.059
31.243
-33.655
-24.046
31.211
-33.659
-24.037
31.153
-33.675
-23.996
31.079
-33.681
-23.931
31.008
-33.626
-23.879
30.94
-33.557
-23.826
30.88
-33.415
-23.784
30.837
-33.32
-23.786
30.8
-33.28
-23.798
30.765
-33.281
-23.802
30.729
-33.305
-23.807
30.691
-33.387
-23.804
30.662
-33.44
-23.802
30.641
-33.459
-23.814
30.622
-33.497
-23.826
30.614
-33.505
-23.838
30.609
-33.532
-23.853
30.601
-33.586
-23.849
30.6
-33.616
-23.839
30.598
-33.635
-23.84
30.583
-33.686
-23.846
30.57
-33.668
-23.855
30.548
-33.664
-23.89
30.521
-33.678
-23.927
30.501
-33.703
-23.952
30.495
-33.728
-23.979
30.497
-33.8
-24.006
30.517
-33.833
-24.019
30.541
-33.848
-24.038
30.566
-33.853
-24.054
30.6
-33.836
-24.046
30.634
-33.762
-24.038
30.663
-33.651
-24.018
30.695
-33.542
-23.995
30.725
-33.411
-23.981
30.735
-33.238
-23.974
30.742
-33.081
-23.956
30.746
-32.933
-23.953
30.741
-32.776
-23.95
30.738
-32.633
-23.938
30.746
-32.502
-23.923
30.749
-32.442
-23.915
30.765
-32.377
-23.916
30.786
-32.32
-23.945
30.792
-32.282
-23.991
30.792
-32.26
-24.051
30.787
-32.226
-24.128
30.765
-32.235
-24.201
30.74
-32.304
-24.237
30.722
-32.359
-24.266
30.685
-32.469
-24.295
30.662
-32.53
-24.287
30.66
-32.791
-24.272
30.646
-33.015
-24.251
30.63
-33.201
-24.19
30.63
-33.34
-24.066
30.587
-33.647
-23.911
30.488
-33.812
-23.741
30.403
-33.945
-23.581
30.309
-34.133
-23.451
30.224
-34.327
-23.363
30.174
-34.369
-23.321
30.151
-34.351
-23.289
30.131
-34.36
-23.254
30.125
-34.331
-23.224
30.119
-34.302
-23.208
30.116
-34.272
-23.182
30.129
-34.255
-23.162
30.139
-34.248
-23.147
30.146
-34.29
-23.126
30.157
-34.291
-23.102
30.162
-34.28
-23.093
30.158
-34.298
-23.08
30.16
-34.275
-23.077
30.157
-34.239
-23.091
30.151
-34.242
-23.111
30.157
-34.292
-23.142
30.17
-34.294
-23.19
30.192
-34.354
-23.232
30.223
-34.437
-23.281
30.243
-34.557
-23.329
30.257
-34.68
-23.361
30.273
-34.849
-23.374
30.277
-35.012
-23.384
30.276
-35.195
-23.367
30.288
-35.328
-23.347
30.298
-35.465
-23.326
30.296
-35.592
-23.305
30.298
-35.7
-23.276
30.297
-35.73
-23.261
30.288
-35.79
-23.243
30.287
-35.789
-23.231
30.283
-35.774
-23.23
30.275
-35.769
-23.218
30.273
-35.786
-23.208
30.274
-35.789
-23.196
30.267
-35.786
-23.17
30.265
-35.741
-23.134
30.257
-35.667
-23.112
30.232
-35.626
-23.075
30.199
-35.549
-23.042
30.147
-35.52
-23.022
30.067
-35.531
-22.992
29.962
-35.509
-22.945
29.807
-35.482
-22.897
29.552
-35.487
-22.83
29.196
-35.628
-22.781
28.801
-35.894
-22.765
28.438
-36.162
-22.767
28.211
-36.334
-22.793
28.159
-36.505
-22.863
28.28
-36.482
-22.922
28.515
-36.278
-22.971
28.782
-36.074
-23.038
29
-35.956
-23.083
29.171
-35.788
-23.106
29.295
-35.679
-23.133
29.378
-35.606
-23.139
29.427
-35.571
-23.124
29.433
-35.485
-23.11
29.369
-35.472
-23.073
29.232
-35.426
-23.006
28.979
-35.487
-22.947
28.65
-35.638
-22.891
28.332
-35.794
-22.85
28.072
-35.97
-22.851
27.93
-36.176
-22.87
27.977
-36.197
-22.894
28.158
-36.097
-22.931
28.397
-35.974
-22.967
28.669
-35.786
-22.995
28.917
-35.55
-23.035
29.1
-35.389
-23.07
29.243
-35.214
-23.091
29.346
-35.099
-23.116
29.424
-34.987
-23.13
29.485
-34.913
-23.135
29.558
-34.843
-23.161
29.625
-34.821
-23.189
29.693
-34.79
-23.214
29.756
-34.783
-23.248
29.806
-34.806
-23.279
29.844
-34.818
-23.304
29.875
-34.839
-23.345
29.897
-34.872
-23.388
29.919
-34.893
-23.432
29.941
-34.9
-23.487
29.953
-34.923
-23.541
29.953
-34.959
-23.576
29.95
-35
-23.602
29.929
-35.082
-23.612
29.912
-35.159
-23.58
29.909
-35.226
-23.528
29.903
-35.252
-23.466
29.905
-35.244
-23.396
29.914
-35.183
-23.34
29.911
-35.098
-23.305
29.896
-35.014
-23.275
29.889
-34.925
-23.265
29.877
-34.876
-23.267
29.865
-34.834
-23.262
29.875
-34.763
-23.275
29.879
-34.727
-23.29
29.883
-34.725
-23.296
29.892
-34.718
-23.303
29.89
-34.734
-23.303
29.881
-34.777
-23.284
29.877
-34.779
-23.277
29.863
-34.794
-23.274
29.85
-34.814
-23.26
29.85
-34.8
-23.257
29.841
-34.81
-23.267
29.833
-34.848
-23.256
29.84
-34.836
-23.248
29.831
-34.821
-23.239
29.816
-34.843
-23.225
29.8
-34.832
-23.22
29.773
-34.817
-23.228
29.733
-34.86
-23.23
29.705
-34.875
-23.247
29.672
-34.91
-23.268
29.643
-34.953
-23.266
29.629
-35.016
-23.268
29.615
-35.067
-23.278
29.6
-35.124
-23.269
29.607
-35.123
-23.257
29.617
-35.142
-23.261
29.624
-35.167
-23.248
29.652
-35.112
-23.234
29.683
-35.093
-23.228
29.712
-35.086
-23.212
29.746
-35.031
-23.198
29.775
-34.95
-23.203
29.794
-34.927
-23.199
29.821
-34.837
-23.202
29.835
-34.78
-23.222
29.842
-34.775
-23.238
29.861
-34.757
-23.254
29.869
-34.781
-23.281
29.868
-34.835
-23.295
29.87
-34.903
-23.301
29.872
-34.977
-23.319
29.865
-35.061
-23.333
29.873
-35.088
-23.354
29.878
-35.157
-23.38
29.891
-35.171
-23.394
29.907
-35.15
-23.402
29.921
-35.141
-23.413
29.923
-35.148
-23.411
29.936
-35.108
-23.413
29.933
-35.092
-23.441
29.925
-35.11
-23.455
29.923
-35.099
-23.466
29.926
-35.111
-23.484
29.922
-35.142
-23.489
29.926
-35.169
-23.483
29.928
-35.189
-23.49
29.926
-35.22
-23.489
29.927
-35.216
-23.483
29.931
-35.155
-23.486
29.925
-35.143
-23.473
29.93
-35.108
-23.457
29.934
-35.042
-23.45
29.935
-35.019
-23.442
29.939
-35.043
-23.43
29.948
-34.99
-23.436
29.949
-34.947
-23.43
29.951
-34.923
-23.413
29.953
-34.87
-23.406
29.951
-34.833
-23.446
29.983
-34.65
-23.469
29.999
-34.398
-23.506
30.028
-34.102
-23.552
30.057
-33.801
-23.593
30.083
-33.488
-23.6
30.065
-33.381
-23.617
30.068
-33.337
-23.625
30.051
-33.365
-23.64
30.027
-33.405
-23.65
30.006
-33.429
-23.645
29.988
-33.453
-23.648
29.964
-33.478
-23.65
29.952
-33.492
-23.643
29.948
-33.496
-23.644
29.938
-33.538
-23.645
29.935
-33.542
-23.641
29.939
-33.558
-23.648
29.931
-33.571
-23.653
29.927
-33.579
-23.65
29.928
-33.572
-23.662
29.924
-33.596
-23.667
29.918
-33.621
-23.699
29.915
-33.922
-23.736
29.9
-34.238
-23.772
29.886
-34.566
-23.785
29.873
-34.828
-23.802
29.848
-35.109
-23.772
29.822
-35.11
-23.727
29.792
-35.077
-23.681
29.737
-34.986
-23.641
29.667
-34.94
-23.586
29.586
-34.812
-23.546
29.474
-34.736
-23.499
29.344
-34.671
-23.446
29.198
-34.697
-23.405
29.031
-34.781
-23.383
28.861
-34.958
-23.355
28.718
-35.06
-23.341
28.594
-35.229
-23.328
28.496
-35.335
-23.314
28.427
-35.383
-23.293
28.368
-35.425
-23.29
28.308
-35.458
-23.279
28.248
-35.405
-23.269
28.159
-35.41
-23.242
28.057
-35.417
-23.211
27.965
-35.368
-23.165
27.866
-35.371
-23.126
27.766
-35.425
-23.091
27.705
-35.461
-23.074
27.661
-35.512
-23.071
27.625
-35.563
-23.048
27.606
-35.57
-23.04
27.587
-35.611
-23.043
27.577
-35.606
-23.027
27.568
-35.643
-23.014
27.537
-35.718
-23.038
27.501
-35.82
-23.04
27.466
-35.824
-23.033
27.385
-35.904
-23.032
27.282
-35.93
-23.009
27.17
-35.925
-22.954
27.015
-35.972
-22.899
26.824
-36.118
-22.871
26.657
-36.377
-22.896
26.537
-36.629
-22.971
26.514
-36.806
-23.086
26.586
-36.899
-23.222
26.744
-36.916
-23.359
26.957
-36.805
-23.459
27.195
-36.681
-23.542
27.382
-36.636
-23.616
27.535
-36.592
-23.681
27.658
-36.619
-23.736
27.726
-36.64
-23.797
27.696
-36.642
-23.827
27.61
-36.657
-23.859
27.502
-36.788
-23.899
27.397
-36.816
-23.922
27.316
-36.812
-23.938
27.282
-36.819
-23.988
27.289
-36.804
-24.015
27.305
-36.736
-24.044
27.304
-36.708
-24.083
27.292
-36.711
-24.098
27.29
-36.719
-24.097
27.283
-36.777
-24.104
27.262
-36.819
-24.085
27.255
-36.842
-24.038
27.282
-36.765
-23.973
27.317
-36.627
-23.859
27.341
-36.452
-23.733
27.369
-36.342
-23.641
27.424
-36.292
-23.598
27.571
-36.287
-23.59
27.838
-36.291
-23.658
28.226
-36.275
-23.748
28.701
-36.136
-23.832
29.202
-35.917
-23.926
29.621
-35.728
-24.021
29.927
-35.592
-24.1
30.145
-35.491
-24.171
30.293
-35.424
-24.225
30.392
-35.39
-24.231
30.45
-35.276
-24.22
30.469
-35.247
-24.193
30.476
-35.22
-24.166
30.475
-35.206
-24.155
30.464
-35.191
-24.159
30.462
-35.255
-24.174
30.48
-35.263
-24.207
30.488
-35.286
-24.231
30.495
-35.292
-24.241
30.498
-35.331
-24.251
30.488
-35.38
-24.259
30.479
-35.415
-24.243
30.473
-35.417
-24.243
30.464
-35.45
-24.243
30.465
-35.459
-24.239
30.472
-35.459
-24.237
30.471
-35.457
-24.243
30.477
-35.447
-24.096
30.389
-35.229
-23.999
30.32
-35.079
-23.518
30.004
-34.417
