0.20435
0.4281
-0.23447
0.23669
0.4589
-0.12816
0.24249
0.45462
-0.16709
0.2389
0.43948
-0.16758
0.26962
0.48656
-0.2846
0.26226
0.4767
-0.095206
0.28273
0.4614
-0.10453
0.34532
0.44489
-0.0013667
0.3542
0.43995
-0.022603
0.38966
0.43315
-0.12002
0.41141
0.46156
-0.14447
0.4119
0.416
-0.039754
0.4111
0.434
-0.029361
0.42935
0.52246
-0.044674
0.39976
0.54998
-0.14908
0.40789
0.63843
-0.11251
0.45049
0.73548
0.010191
0.43753
0.81907
0.040845
0.4673
0.91039
0.10811
0.47906
1.0389
0.18899
0.46565
1.0871
0.21738
0.481
1.1436
0.10974
0.51957
1.2477
0.22072
0.53608
1.2391
0.20113
0.54551
1.2288
0.15936
0.57606
1.3335
0.24567
0.56363
1.3478
0.3668
0.58884
1.3483
0.3327
0.59692
1.3879
0.35932
0.56091
1.4096
0.40368
0.59872
1.3857
0.38415
0.62482
1.4682
0.36506
0.59039
1.4604
0.31546
0.59434
1.4121
0.2763
0.62768
1.4427
0.28489
0.57996
1.4054
0.27438
0.62444
1.3772
0.24488
0.65232
1.3603
0.3114
0.65394
1.2759
0.35315
0.61901
1.1606
0.27601
0.62395
1.0382
0.27288
0.61498
0.92253
0.12312
0.58539
0.80953
-0.0070711
0.6226
0.78335
-0.0009878
0.60754
0.75954
-0.092479
0.57074
0.74572
-0.092784
0.57867
0.77276
0.028953
0.54602
0.80288
-0.015776
0.52768
0.76606
-0.013381
0.52961
0.79219
-0.14077
0.52386
0.77981
-0.066508
0.49001
0.79579
-0.09242
0.50517
0.79586
-0.010403
0.46759
0.77547
-0.041681
0.4311
0.78806
0.034323
0.48547
0.8012
-0.0092751
0.45721
0.79313
0.037552
0.46528
0.76549
-0.014267
0.5119
0.78533
0.050524
0.48089
0.81649
0.027371
0.47623
0.75795
0.024558
0.4926
0.79035
0.054418
0.47503
0.77122
0.024948
0.48679
0.73489
0.10495
0.48944
0.7873
0.15083
0.48068
0.77603
0.12324
0.48654
0.74655
0.12224
0.48462
0.77898
0.15773
0.49821
0.78224
0.026059
0.47918
0.78825
0.05092
0.51462
0.65458
0.14199
0.51541
0.75067
0.15315
0.51744
0.80759
0.23439
0.59006
0.94913
0.38096
0.58822
0.98807
0.36183
0.54008
1.0615
0.23656
0.55844
1.1034
0.2947
0.55745
1.1678
0.39783
0.5579
1.1563
0.36472
0.55383
1.2287
0.31234
0.58933
1.2813
0.39561
0.54775
1.2896
0.3255
0.60701
1.326
0.36418
0.62009
1.319
0.3585
0.60604
1.2717
0.3064
0.60073
1.3203
0.26606
0.62152
1.329
0.33085
0.61483
1.3002
0.41676
0.61454
1.2689
0.33491
0.60645
1.2524
0.24623
0.56309
1.0765
0.3131
0.56834
0.98948
0.19401
0.57333
0.8995
0.18075
0.53784
0.77402
0.1281
0.55658
0.68909
0.10824
0.55763
0.65799
0.14856
0.51914
0.62724
0.15932
0.51923
0.64323
0.10524
0.54721
0.67174
0.13152
0.49457
0.64598
0.096088
0.50543
0.66835
0.091036
0.51319
0.69099
0.17572
0.50838
0.67077
0.1253
0.50674
0.65446
0.20972
0.53791
0.71521
0.18659
0.50609
0.70162
0.1144
0.50226
0.64595
0.17373
0.52474
0.70733
0.10935
0.4751
0.67726
0.074384
0.48045
0.64006
-0.011306
0.50164
0.68071
0.099031
0.48093
0.62363
0.015901
0.48542
0.60022
0.046876
0.46475
0.60116
0.068733
0.4489
0.60318
0.082751
0.44916
0.54473
0.073943
0.3978
0.57107
-0.1161
0.39165
0.57269
-0.048409
0.37884
0.50823
-0.11998
0.39664
0.55607
-0.12635
0.33082
0.57955
-0.094107
0.34478
0.52208
-0.022644
0.38366
0.59215
0.064091
0.32124
0.56358
0.031566
0.33002
0.53964
-0.0089549
0.37294
0.58017
0.087527
0.33807
0.58682
-0.1038
0.32106
0.57059
-0.17852
0.34884
0.59833
-0.11576
0.35291
0.59542
-0.057379
0.35716
0.59494
-0.14943
0.35612
0.62768
-0.090009
0.32951
0.60346
-0.02624
0.33243
0.55138
-0.14248
0.37039
0.56645
-0.067163
0.31252
0.56414
-0.11469
0.31384
0.55371
-0.086026
0.3533
0.55925
-0.18304
0.32535
0.5411
-0.10826
0.33264
0.52146
-0.048804
0.35304
0.52972
-0.050295
0.35078
0.53101
-0.10169
0.33424
0.54051
-0.039991
0.37453
0.59444
-0.046612
0.39078
0.57486
-0.059567
0.36583
0.54352
-0.0034239
0.43822
0.60739
-0.05302
0.45219
0.58928
-0.040264
0.48084
0.57389
0.085165
0.53935
0.5724
0.12194
0.55631
0.56563
0.13734
0.56856
0.57782
0.049543
0.61441
0.57778
0.057231
0.6071
0.5684
-0.047347
0.55172
0.50472
-0.059552
0.56812
0.4706
-0.17586
0.52303
0.48166
-0.31689
0.4739
0.45066
-0.46523
0.49254
0.49521
-0.5772
0.46672
0.54886
-0.58215
0.43901
0.52689
-0.71088
0.44855
0.55821
-0.77914
0.45511
0.5941
-0.71031
0.41974
0.57075
-0.8294
0.42391
0.58673
-1.0141
0.39867
0.60287
-0.9029
0.36555
0.57017
-0.96793
0.3816
0.60541
-0.92748
0.35894
0.63303
-0.82261
0.3173
0.67448
-0.82174
0.33252
0.72862
-0.75462
0.37308
0.79802
-0.72636
0.3591
0.78097
-0.73362
0.39049
0.83614
-0.74622
0.40605
0.85577
-0.69146
0.35704
0.8133
-0.69024
0.36291
0.75798
-0.7417
0.33973
0.81152
-0.72714
0.27578
0.79391
-0.74403
0.27947
0.83294
-0.73139
0.30611
0.87522
-0.69576
0.25853
0.86725
-0.6716
0.2871
0.89664
-0.6776
0.29894
0.97729
-0.59922
0.27646
0.97746
-0.63432
0.3237
1.0132
-0.70717
0.38386
1.086
-0.70167
0.35856
1.0877
-0.4569
0.37744
1.1159
-0.65823
0.39447
1.1041
-0.56298
0.38922
1.1036
-0.55363
0.39467
1.0861
-0.5713
0.39506
1.1323
-0.55457
0.39676
1.1213
-0.56914
0.41559
1.112
-0.59202
0.44729
1.0886
-0.48239
0.43463
1.0748
-0.48562
0.44845
1.0286
-0.53084
0.45124
1.0704
-0.52309
0.43353
1.0291
-0.5081
0.45396
0.98369
-0.50746
0.47267
0.99365
-0.34047
0.47283
0.97233
-0.44612
0.4567
0.97675
-0.36722
0.48804
0.96921
-0.38656
0.44783
0.9097
-0.34288
0.45377
0.85167
-0.32474
0.47
0.8615
-0.23369
0.46358
0.81222
-0.23777
0.48055
0.76477
-0.19684
0.53684
0.7553
-0.11716
0.54507
0.71876
-0.22189
0.53992
0.70318
-0.22317
0.57364
0.66856
-0.20017
0.5987
0.6542
-0.30599
0.56899
0.62329
-0.31946
0.58152
0.62593
-0.38127
0.53012
0.6217
-0.38896
0.5097
0.58693
-0.32909
0.54766
0.59968
-0.34937
0.53826
0.58661
-0.32681
0.49707
0.57191
-0.42613
0.49882
0.63841
-0.415
0.485
0.63915
-0.41719
0.48339
0.62236
-0.38413
0.51421
0.63797
-0.28159
0.4953
0.63046
-0.39858
0.52408
0.59992
-0.22489
0.52457
0.58185
-0.38767
0.52397
0.58955
-0.38638
0.51222
0.55994
-0.49858
0.54123
0.56795
-0.44765
0.52518
0.56227
-0.42044
0.50935
0.53459
-0.41722
0.54557
0.59088
-0.29689
0.5232
0.63231
-0.24616
0.52711
0.60359
-0.3555
0.57236
0.58376
-0.29957
0.57578
0.59706
-0.39397
0.54947
0.59648
-0.37624
0.56417
0.62189
-0.40786
0.56203
0.62483
-0.3605
0.60752
0.57771
-0.32963
0.63273
0.60352
-0.38554
0.66052
0.61924
-0.31066
0.63902
0.57766
-0.33435
0.67091
0.62317
-0.41078
0.6575
0.62638
-0.34906
0.64316
0.57056
-0.38492
0.69154
0.60249
-0.42745
0.68257
0.54768
-0.30383
0.64494
0.55388
-0.33328
0.64009
0.56331
-0.34165
0.64411
0.54376
-0.41491
0.65124
0.52342
-0.4983
0.62983
0.53925
-0.41948
0.63423
0.5081
-0.42085
0.58921
0.50486
-0.54137
0.54184
0.51084
-0.75451
0.53585
0.47143
-0.47646
0.49805
0.45256
-0.63548
0.48882
0.4965
-0.64214
0.45805
0.5212
-0.54247
0.42718
0.50211
-0.68827
0.43685
0.51601
-0.55305
0.48723
0.58337
-0.4983
0.4914
0.61625
-0.56298
0.51388
0.65461
-0.48702
0.57877
0.69822
-0.36765
0.5886
0.77299
-0.55378
0.61517
0.7621
-0.56578
0.65665
0.82042
-0.53484
0.63202
0.82224
-0.66268
0.62243
0.82634
-0.72321
0.64859
0.87399
-0.73576
0.60872
0.86623
-0.76946
0.62872
0.8897
-0.80584
0.63916
0.90693
-0.702
0.63352
0.90459
-0.7927
0.66594
0.91733
-0.82558
0.69187
0.98249
-0.75665
0.67724
0.93743
-0.73816
0.66888
0.91439
-0.77953
0.66502
0.9404
-0.69423
0.6746
0.98394
-0.84892
0.69201
0.98894
-0.86593
0.69801
1.0146
-0.89537
0.67151
1.0351
-0.91119
0.67665
1.0098
-0.90333
0.7127
1.0652
-0.889
0.71108
1.0404
-0.75266
0.71887
1.0453
-0.83013
0.76958
1.0741
-0.87203
0.76638
1.0265
-0.77205
0.74208
1.0301
-0.91103
0.80486
1.0482
-0.74031
0.80453
1.0015
-0.69733
0.79318
0.959
-0.55443
0.82119
0.97027
-0.531
0.84602
0.93493
-0.52896
0.81454
0.87943
-0.48501
0.80149
0.8414
-0.59519
0.78751
0.91662
-0.58468
0.78868
0.9524
-0.69837
0.83342
1.0046
-0.57214
0.80938
1.0792
-0.4417
0.78823
1.0832
-0.35425
0.82345
1.1968
-0.31245
0.82829
1.2672
-0.32227
0.86679
1.2757
-0.32738
0.9024
1.3788
-0.28452
0.9001
1.4173
-0.026401
0.90195
1.3869
-0.13714
0.94389
1.4657
-0.16256
0.9383
1.5091
-0.090024
0.93097
1.4321
-0.045843
0.97872
1.4991
-0.089464
0.97265
1.5017
-0.11244
0.97447
1.4419
0.02804
1.0376
1.4808
-0.038978
0.9979
1.4838
0.013404
0.99861
1.4669
-0.099144
1.0282
1.4424
-0.12568
1.0112
1.4343
-0.064468
0.97336
1.4078
-0.10036
1.0254
1.4354
-0.23729
1.038
1.4259
-0.17507
1.0074
1.3857
-0.26521
1.0323
1.445
-0.25549
1.0362
1.4243
-0.23012
0.9956
1.4046
-0.33641
1.0555
1.4658
-0.28459
1.0445
1.5047
-0.31436
1.0302
1.4338
-0.2479
1.0722
1.4717
-0.4404
1.0897
1.4566
-0.29412
1.0525
1.4299
-0.38533
1.0804
1.4588
-0.37936
1.0907
1.4583
-0.29665
1.0757
1.4373
-0.39937
1.0979
1.4231
-0.38294
1.0899
1.461
-0.4098
1.0896
1.3963
-0.34464
1.1021
1.3806
-0.42993
1.1301
1.3561
-0.42962
1.0943
1.2073
-0.36591
1.1057
1.0881
-0.428
1.0854
1.015
-0.52799
1.092
0.9256
-0.6386
1.0821
0.8684
-0.70582
1.041
0.82421
-0.72633
1.026
0.80719
-0.73621
1.0127
0.80472
-0.77155
1.0049
0.80145
-0.81063
0.95107
0.78331
-0.70603
0.90614
0.79338
-0.84424
0.91562
0.81623
-0.86783
0.84076
0.8093
-0.92291
0.82711
0.79289
-0.87734
0.82373
0.81327
-0.77611
0.80599
0.80113
-0.86882
0.81354
0.78189
-0.88274
0.78568
0.78579
-0.91705
0.85566
0.78974
-0.90908
0.79839
0.79769
-0.93207
0.78527
0.8121
-0.90914
0.81144
0.80181
-0.68637
0.7562
0.74992
-0.84554
0.73838
0.75258
-0.82298
0.75525
0.74836
-0.89839
0.697
0.75391
-0.91346
0.70658
0.75148
-0.90914
0.72663
0.80392
-0.90889
0.73353
0.74484
-0.80616
0.7312
0.73636
-0.83646
0.6999
0.74545
-0.91466
0.67436
0.74362
-0.85233
0.69773
0.73864
-0.96527
0.72517
0.79281
-0.88347
0.70726
0.77241
-0.92581
0.72874
0.77975
-0.82857
0.76349
0.78007
-0.84011
0.75931
0.79871
-0.80906
0.73289
0.77724
-0.82493
0.75847
0.74157
-0.91393
0.73352
0.75078
-0.87854
0.70612
0.70567
-1.0074
0.75255
0.74374
-0.99272
0.73946
0.69301
-0.97503
0.72832
0.69689
-0.98149
0.70969
0.70758
-0.9669
0.72776
0.68883
-0.98283
0.71204
0.67389
-0.91775
0.7544
0.669
-0.88178
0.78519
0.66771
-0.72233
0.82179
0.68506
-0.74556
0.93233
0.68877
-0.64237
0.9457
0.72971
-0.62388
0.96737
0.72807
-0.6893
0.99551
0.71543
-0.67036
1.0292
0.75083
-0.65047
1.0849
0.67134
-0.59517
1.1231
0.67411
-0.61861
1.1197
0.71311
-0.59317
1.1194
0.67166
-0.71378
1.1583
0.68427
-0.75727
1.1786
0.68788
-0.76488
1.1659
0.66787
-0.78865
1.179
0.64138
-0.72127
1.1991
0.62566
-0.72677
1.1639
0.62495
-0.84421
1.1989
0.60333
-0.78494
1.1711
0.62824
-0.74051
1.1304
0.5342
-0.82667
1.1582
0.5522
-0.80957
1.1183
0.55722
-0.8659
1.0729
0.54925
-0.88124
1.077
0.56491
-0.87643
1.0717
0.53163
-0.96371
1.0665
0.5259
-0.97776
1.074
0.52216
-1.0833
1.0802
0.5639
-0.98481
1.0667
0.53623
-1.0624
1.0733
0.5809
-1.1469
1.0681
0.57424
-1.1247
1.0385
0.57705
-1.104
1.0708
0.60493
-1.0588
1.0881
0.62356
-0.97732
1.0406
0.57318
-0.96399
1.0708
0.55
-1.1196
1.1091
0.5763
-1.0384
1.0538
0.5708
-1.0004
1.0805
0.57107
-1.1311
1.0954
0.61367
-1.1065
1.055
0.58811
-1.0357
1.0559
0.57979
-1.1239
1.0908
0.61927
-1.0793
1.0387
0.57586
-1.1396
1.0243
0.56684
-1.0906
0.99679
0.57124
-1.1288
0.92807
0.58584
-1.0479
0.92241
0.5578
-1.0861
0.92104
0.59702
-1.0658
0.90354
0.58329
-1.1335
0.87872
0.60708
-1.0609
0.83914
0.63295
-1.0713
0.77009
0.59848
-1.1184
0.79377
0.6219
-1.1142
0.78386
0.65334
-1.0741
0.73227
0.6495
-1.0166
0.73935
0.61921
-1.0151
0.74184
0.683
-0.91372
0.71478
0.68098
-0.92963
0.67497
0.67583
-0.94463
0.70568
0.67519
-0.97723
0.68666
0.68438
-0.84561
0.69662
0.6913
-0.95223
0.70417
0.71801
-0.98129
0.71072
0.69677
-0.91393
0.7042
0.68661
-0.96807
0.7191
0.70496
-0.96658
0.68258
0.70699
-0.95205
0.68285
0.6412
-0.86098
0.67887
0.69857
-0.91097
0.66742
0.69368
-0.86352
0.62967
0.64603
-0.97286
0.64655
0.67975
-1.0097
0.63514
0.67844
-0.91372
0.6105
0.67559
-0.98425
0.64944
0.68621
-0.99193
0.64497
0.70373
-1.0352
0.63153
0.67473
-0.89859
0.672
0.71729
-0.92095
0.6566
0.73649
-1.0041
0.67342
0.67468
-0.91198
0.69096
0.73271
-0.96176
0.68095
0.70874
-0.88128
0.68559
0.68386
-0.99608
0.70972
0.72984
-0.98464
0.70492
0.67653
-0.92616
0.68003
0.65457
-0.87755
0.70762
0.68714
-0.98476
0.68063
0.68512
-0.96445
0.65977
0.63559
-1.0137
0.66416
0.66515
-1.0225
0.64367
0.66262
-0.97861
0.61218
0.64611
-0.99848
0.63118
0.65986
-1.072
0.62064
0.65773
-0.9549
0.6097
0.6807
-0.98941
0.64154
0.66769
-1.1058
0.64529
0.64879
-0.95773
0.63113
0.65247
-1.1285
0.64107
0.6622
-1.0662
0.63035
0.67862
-1.0647
0.62554
0.7031
-1.0691
0.6373
0.69606
-1.0722
0.67965
0.69734
-1.0092
0.6705
0.66651
-0.81663
0.74521
0.68601
-0.82832
0.77787
0.70146
-0.76303
0.81075
0.66927
-0.63562
0.90966
0.68201
-0.53007
0.93633
0.69874
-0.69723
0.94876
0.679
-0.76121
0.99662
0.65352
-0.61454
1.005
0.70454
-0.70088
1.0361
0.67882
-0.80849
1.0747
0.70041
-0.88296
1.1086
0.71972
-0.83768
1.1076
0.65491
-0.82658
1.1182
0.65988
-0.97899
1.1052
0.68094
-0.95831
1.0966
0.61062
-1.0431
1.1189
0.61035
-0.80829
1.1022
0.63584
-1.0035
1.0833
0.63127
-0.943
1.0849
0.61182
-0.96457
1.1215
0.6261
-0.93031
1.1214
0.64203
-0.88748
1.1238
0.65077
-0.9708
1.1245
0.65693
-0.86538
1.1177
0.63549
-0.84537
1.1238
0.64235
-0.91154
1.149
0.65205
-0.91267
1.0957
0.6427
-0.91663
1.1502
0.65264
-0.78576
1.1286
0.67965
-0.86278
1.1121
0.65765
-0.91
1.0903
0.62926
-0.87502
1.0389
0.66067
-0.9868
0.97648
0.63108
-1.0775
0.90313
0.615
-1.2229
0.86343
0.67563
-1.0129
0.76631
0.67137
-0.91992
0.7639
0.61966
-1.0399
0.76043
0.67532
-0.91363
0.74674
0.64897
-0.87397
0.71645
0.69347
-1.0739
0.68846
0.70604
-1.0257
0.66452
0.68408
-1.0406
0.6333
0.64439
-1.0919
0.68836
0.66057
-1.0819
0.63524
0.63218
-0.94087
0.62363
0.60039
-1.1472
0.62514
0.6262
-1.129
0.59502
0.64081
-1.14
0.58267
0.61715
-1.1431
0.61055
0.68127
-1.1611
0.58505
0.65674
-1.0758
0.58433
0.66658
-1.1458
0.62167
0.70912
-1.0892
0.59885
0.68137
-1.0265
0.59503
0.6687
-1.0712
0.62519
0.6951
-1.0968
0.63619
0.68762
-1.053
0.64158
0.65778
-1.0305
0.64613
0.6962
-1.0503
0.65405
0.69055
-0.97879
0.6482
0.6689
-1.0574
0.63439
0.67396
-1.0032
0.63045
0.67042
-1.0614
0.60724
0.63545
-1.1689
0.60477
0.63987
-1.1152
0.59917
0.64236
-1.0267
0.55597
0.6478
-1.1562
0.57512
0.68232
-1.1644
0.57721
0.65171
-0.94014
0.57912
0.65622
-1.1449
0.5824
0.64498
-1.1614
0.54955
0.65685
-1.1732
0.52777
0.61523
-1.1714
0.56173
0.65419
-1.1689
0.54579
0.67761
-1.1466
0.54867
0.67201
-1.2728
0.56096
0.7199
-1.0407
0.58221
0.72584
-0.97845
0.56475
0.6666
-1.1828
0.60889
0.68439
-1.1163
0.61094
0.72704
-1.0839
0.58775
0.677
-1.068
0.62168
0.66883
-1.1367
0.63782
0.71351
-1.0812
0.59801
0.6496
-1.0429
0.6271
0.65816
-1.0384
0.62718
0.65941
-0.91172
0.59368
0.62841
-1.0693
0.57992
0.66229
-1.0112
0.60128
0.68534
-1.043
0.57334
0.63576
-1.1251
0.60845
0.66626
-1.1826
0.60048
0.69342
-1.0282
0.58381
0.66087
-1.0278
0.60218
0.66344
-1.1168
0.60101
0.69618
-1.1326
0.56137
0.67844
-1.146
0.60633
0.6596
-1.1502
0.62314
0.68786
-1.1231
0.59595
0.65062
-1.092
0.64818
0.67715
-1.0722
0.63281
0.69579
-1.0973
0.63953
0.69445
-1.1649
0.64357
0.66875
-1.0205
0.66732
0.69675
-1.0479
0.63719
0.65912
-1.0624
0.62796
0.60183
-1.1292
0.62097
0.63343
-1.05
0.57361
0.61966
-1.0639
0.59078
0.59547
-1.1237
0.61139
0.68024
-1.0715
0.59281
0.62438
-1.0725
0.60028
0.61137
-1.1037
0.59932
0.6523
-1.059
0.57487
0.62745
-1.0651
0.57627
0.63073
-1.0981
0.59768
0.6514
-1.0549
0.56385
0.6332
-1.0552
0.57095
0.65005
-1.141
0.57722
0.66091
-1.1815
0.56209
0.6622
-1.0767
0.55864
0.63609
-1.2155
0.60112
0.66062
-1.0835
0.58321
0.63094
-1.0675
0.56778
0.63975
-1.1073
0.61057
0.68842
-1.2184
0.59288
0.65759
-1.1907
0.56606
0.67789
-1.2126
0.59919
0.68711
-1.1921
0.57883
0.70268
-1.2037
0.61358
0.69569
-1.1509
0.6292
0.71959
-1.2059
0.62156
0.73255
-1.1411
0.60151
0.70574
-1.2227
0.63073
0.71267
-1.0677
0.6461
0.73237
-1.061
0.6415
0.69986
-1.1821
0.69799
0.70926
-1.1606
0.66825
0.69719
-1.1098
0.65599
0.67541
-1.1413
0.66047
0.7434
-1.2032
0.65445
0.75849
-1.1424
0.65323
0.74111
-1.1013
0.6519
0.77892
-1.0347
0.63748
0.74234
-1.1031
0.65436
0.76917
-1.0835
0.67249
0.79386
-1.0519
0.67344
0.8351
-0.97876
0.64487
0.7751
-1.0786
0.67963
0.81
-1.0769
0.67648
0.83083
-1.0328
0.66951
0.82086
-1.0913
0.69675
0.86947
-1.0971
0.69177
0.85308
-1.1158
0.68543
0.80223
-1.1205
0.7231
0.82833
-1.1131
0.71406
0.80809
-1.0727
0.65881
0.78106
-1.1186
0.6845
0.77393
-1.2205
0.69768
0.78509
-1.1882
0.62874
0.75216
-1.2001
0.64982
0.74965
-1.1953
0.64722
0.79292
-1.1809
0.64928
0.72772
-1.2344
0.63614
0.73461
-1.2347
0.63452
0.74565
-1.1908
0.60022
0.71794
-1.2725
0.58917
0.74497
-1.2629
0.6493
0.77698
-1.1297
0.64981
0.72453
-1.1511
0.68491
0.72463
-1.1922
0.70516
0.73627
-1.1449
0.69127
0.71069
-1.17
0.72832
0.73344
-1.1498
0.75175
0.74096
-1.0771
0.7213
0.78138
-1.0887
0.74787
0.81713
-1.1367
0.7667
0.84997
-1.0088
0.77654
0.83343
-1.0892
0.81934
0.85517
-1.1251
0.7951
0.85415
-1.1313
0.76849
0.73008
-1.0101
0.79925
0.71985
-1.1527
0.80167
0.67405
-0.99338
0.81453
0.63735
-1.0594
0.81084
0.63592
-1.1687
0.82121
0.71713
-1.1254
0.7821
0.70613
-1.1009
0.80283
0.71257
-1.1375
0.79198
0.73684
-1.0071
0.77532
0.72402
-1.125
0.80202
0.75281
-1.2831
0.83083
0.7613
-1.1148
0.79053
0.75411
-1.1237
0.79825
0.722
-1.1804
0.8086
0.74429
-1.1847
0.81109
0.70494
-1.1704
0.8182
0.6955
-1.2098
0.83742
0.73446
-1.2034
0.78548
0.70483
-1.2113
0.82363
0.7025
-1.1984
0.82289
0.70779
-1.1767
0.80423
0.70111
-1.1713
0.8015
0.68263
-1.1761
0.84557
0.71576
-1.2014
0.80102
0.72567
-1.1705
0.81798
0.7003
-1.2139
0.85066
0.72939
-1.1155
0.83853
0.69674
-1.1312
0.80882
0.67462
-1.1077
0.81999
0.71819
-1.0563
0.8268
0.71731
-1.1687
0.82449
0.69846
-1.147
0.85574
0.76153
-1.2158
0.83176
0.69806
-1.1773
0.80294
0.67098
-1.2315
0.83793
0.72095
-1.207
0.82366
0.7001
-1.2433
0.81882
0.6575
-1.1933
0.85063
0.69578
-1.1755
0.8579
0.66276
-1.0698
0.82662
0.68327
-1.2317
0.86074
0.66743
-1.2416
0.8471
0.66338
-1.0955
0.8324
0.63959
-1.2673
0.85335
0.67144
-1.2528
0.844
0.68858
-1.1753
0.83574
0.67045
-1.1655
0.88479
0.69659
-1.1598
0.88394
0.70351
-1.196
0.87253
0.67188
-1.1998
0.85741
0.70153
-1.2494
0.85742
0.7031
-1.0811
0.8324
0.69871
-1.2522
0.86184
0.69216
-1.2725
0.84642
0.71992
-1.1947
0.83943
0.71286
-1.104
0.87167
0.69185
-1.2169
0.86493
0.71275
-1.1808
0.84869
0.66051
-1.314
0.85107
0.69233
-1.2654
0.83797
0.68832
-1.213
0.81814
0.65459
-1.1288
0.85939
0.69498
-1.1476
0.83368
0.67473
-1.1214
0.81027
0.65402
-1.2317
0.84438
0.69258
-1.188
0.85204
0.67
-1.1893
0.83745
0.60641
-1.1877
0.86299
0.61919
-1.1827
0.81838
0.63988
-1.1696
0.80991
0.55358
-1.2236
0.83893
0.60747
-1.2315
0.81665
0.5822
-1.0683
0.81983
0.57941
-1.2196
0.81556
0.54683
-1.1189
0.80393
0.61354
-1.1789
0.78741
0.5848
-1.33
0.7972
0.62483
-1.3464
0.79346
0.6709
-1.2492
0.75488
0.64038
-1.2416
0.76526
0.67258
-1.2683
0.76887
0.67096
-1.2016
0.71444
0.71126
-1.2164
0.7508
0.75711
-1.1886
0.751
0.79663
-1.1208
0.71907
0.78573
-1.1458
0.72407
0.84751
-1.1195
0.73462
0.84897
-1.0993
0.72219
0.84258
-1.0979
0.74794
0.87332
-1.1044
0.7754
0.90678
-1.0323
0.74785
0.90243
-1.0726
0.76458
0.8922
-1.0239
0.7645
0.92445
-1.0624
0.7319
0.93595
-1.102
0.74794
0.89525
-0.96307
0.7551
0.94326
-1.0436
0.70012
0.9241
-1.1071
0.69264
0.91543
-1.1358
0.72011
0.99112
-1.0732
0.66522
0.99494
-1.0585
0.69616
0.98725
-0.98131
0.70775
1.0362
-0.97504
0.69172
0.99912
-0.90288
0.70099
1.0078
-0.99266
0.74364
1.0416
-0.98261
0.74283
1.0239
-0.82759
0.92384
0.93645
0.24206
0.99472
0.99182
-0.57291
1.0299
0.89781
-0.6149
1.0324
0.8564
-0.73602
1.0698
0.83991
-0.66934
1.016
0.79948
-0.67203
1.0447
0.73563
-0.78476
1.0776
0.76463
-0.61055
1.0729
0.65929
-0.56148
1.0938
0.69939
-0.58622
1.159
0.71852
-0.58847
1.1886
0.74096
-0.56921
1.1763
0.73087
-0.73722
1.1833
0.81671
-0.6235
1.1871
0.84219
-0.59565
1.225
0.84442
-0.62367
1.2722
0.89449
-0.56437
1.2912
0.89025
-0.6162
1.3442
0.90857
-0.59625
1.413
0.96997
-0.72682
1.4087
0.99019
-0.71612
1.465
0.98158
-0.86274
1.5069
1.0021
-0.83029
1.5459
1.0082
-0.87417
1.5565
0.99674
-0.92385
1.5955
1.0136
-1.0204
1.6061
1.0249
-0.93905
1.5775
1.0371
-0.97066
1.6165
1.0566
-1.06
1.6012
1.0541
-0.95033
1.5474
1.0324
-0.97972
1.6022
1.0566
-0.9869
1.5439
1.0129
-1.0478
1.5139
0.96693
-1.194
1.4498
0.96889
-1.0708
1.3518
0.92718
-1.1519
1.2514
0.91527
-0.91175
1.2653
0.91221
-0.82968
1.1724
0.92124
-0.76408
1.1559
0.90377
-0.79555
1.1726
0.91818
-0.68026
1.1265
0.87136
-0.61109
1.0856
0.86308
-0.77665
1.1257
0.86876
-0.71298
1.1015
0.86822
-0.7318
1.0742
0.84889
-0.69121
1.1108
0.83404
-0.71428
1.1128
0.83885
-0.65351
1.0856
0.81106
-0.67475
1.1146
0.83955
-0.73305
1.0999
0.81662
-0.70669
1.1
0.82853
-0.79876
1.0947
0.82627
-0.74065
1.0495
0.85638
-0.73434
1.0584
0.82732
-0.73788
1.059
0.86195
-0.70925
1.0678
0.85871
-0.55785
1.0777
0.82537
-0.63139
1.1132
0.85683
-0.5198
1.1398
0.9541
-0.53602
1.0822
0.9936
-0.63744
1.1359
1.1115
-0.54624
1.148
1.2342
-0.37605
1.1557
1.259
-0.31855
1.203
1.369
-0.33761
1.2174
1.4095
-0.25852
1.197
1.4265
-0.2131
1.2493
1.4639
-0.2401
1.2551
1.5114
-0.25309
1.2313
1.4708
-0.1601
1.2625
1.5035
-0.24451
1.2516
1.5281
-0.20411
1.2737
1.4941
-0.11993
1.2643
1.5074
-0.15768
1.2827
1.5316
-0.062852
1.2502
1.4812
-0.082376
1.2655
1.5017
-0.10146
1.2767
1.5124
-0.14756
1.2598
1.4178
-0.053918
1.2642
1.3635
-0.15671
1.2454
1.3021
-0.12935
1.2292
1.1546
-0.2846
1.2486
1.0601
-0.38275
1.2584
1.0568
-0.41063
1.2066
0.98895
-0.4467
1.2248
1.009
-0.44574
1.2236
1.027
-0.53762
1.1721
1.0215
-0.52575
1.1675
0.99084
-0.62308
1.1564
0.9941
-0.54607
1.1283
1.0086
-0.47134
1.1292
0.97982
-0.49232
1.1099
0.99057
-0.46741
1.0853
0.97622
-0.52066
1.1078
0.96751
-0.57121
1.0794
0.95812
-0.48624
1.0688
0.943
-0.59398
1.0376
0.93145
-0.62574
1.0329
0.96373
-0.63272
1.0395
0.93778
-0.58423
1.0275
0.94118
-0.60363
1.0458
0.98854
-0.58531
1.0311
0.95843
-0.61603
1.0513
0.96461
-0.6419
1.0551
1.0014
-0.60841
1.0455
0.98578
-0.61701
1.053
0.95866
-0.71965
1.0722
0.98924
-0.66655
1.0666
0.95742
-0.58082
1.0755
0.93545
-0.66983
1.1063
0.94696
-0.57487
1.0938
0.92981
-0.57179
1.0997
0.90533
-0.63869
1.1048
0.95049
-0.78076
1.0693
0.89099
-0.71103
1.0806
0.87525
-0.76498
1.0853
0.88467
-0.70409
1.0589
0.88223
-0.68228
1.0596
0.85178
-0.72728
1.0879
0.88251
-0.65189
1.0773
0.87874
-0.7045
1.0704
0.84414
-0.72628
1.1047
0.86938
-0.65334
1.0741
0.8869
-0.73817
1.06
0.84993
-0.75884
1.0961
0.89723
-0.72761
1.0662
0.89641
-0.71674
1.0724
0.89316
-0.69539
1.1276
0.90937
-0.82013
1.1101
0.93305
-0.7531
1.0868
0.88173
-0.67523
1.1101
0.88702
-0.64176
1.0871
0.9061
-0.70805
1.0628
0.89953
-0.754
1.1384
0.89115
-0.7609
1.1089
0.88735
-0.75178
1.1002
0.86328
-0.72158
1.1201
0.84628
-0.62098
1.0987
0.87559
-0.62165
1.0846
0.84354
-0.69638
1.0667
0.8366
-0.75348
1.0497
0.8458
-0.7076
1.0267
0.81556
-0.76997
1.0568
0.84164
-0.73749
1.04
0.89617
-0.64633
1.0554
0.84043
-0.71589
1.0675
0.84041
-0.74651
1.0577
0.87772
-0.74638
1.0333
0.82481
-0.74479
1.0954
0.85008
-0.71408
1.0534
0.86835
-0.71034
1.0537
0.82647
-0.67778
1.0807
0.85764
-0.802
1.0469
0.83672
-0.68624
1.0092
0.82019
-0.79216
1.0661
0.83787
-0.84596
1.0438
0.85153
-0.79906
1.029
0.80287
-0.83647
1.0038
0.79822
-0.8494
0.99893
0.77041
-0.77936
0.97856
0.75795
-0.85188
0.98182
0.78172
-0.75554
0.9417
0.80046
-0.80392
0.91674
0.74664
-0.87868
0.91276
0.76891
-0.88027
0.90375
0.81154
-0.89746
0.87587
0.7998
-0.86204
0.91827
0.8153
-0.95696
0.92279
0.8441
-0.83262
0.89637
0.80031
-0.90037
0.90308
0.79756
-0.90525
0.92909
0.80795
-0.8018
0.91988
0.80606
-0.74491
0.92477
0.80324
-0.76294
0.92711
0.84718
-0.72224
0.95656
0.82929
-0.83026
0.95136
0.80959
-0.70824
0.97221
0.82136
-0.85838
0.95213
0.81352
-0.85166
0.96684
0.78746
-0.88673
0.96741
0.80806
-0.75715
0.96505
0.76605
-0.668
1.0759
0.76942
-0.79422
1.1341
0.79992
-0.59069
1.1826
0.74073
-0.34675
1.3855
0.61167
-1.786
1.4484
0.66305
-1.5882
1.4854
0.66037
-1.6464
1.5217
0.63541
-1.5905
1.6117
0.65858
-1.6004
1.6324
0.6152
-1.5548
1.6544
0.60185
-1.6128
1.7128
0.63377
-1.6326
1.7201
0.62772
-1.6297
1.7515
0.65145
-1.6525
1.807
0.70385
-1.6583
1.7634
0.6655
-1.7335
1.8115
0.71842
-1.7554
1.8844
0.77457
-1.6475
1.8893
0.74459
-1.6034
1.883
0.72415
-1.7131
1.9321
0.70813
-1.6624
1.8889
0.67669
-1.7303
1.8875
0.63011
-1.7697
1.9077
0.67083
-1.6711
1.9103
0.64628
-1.6223
1.8898
0.63807
-1.637
1.9057
0.66926
-1.6258
1.9027
0.66424
-1.6086
1.895
0.65796
-1.6974
1.9273
0.70588
-1.6442
1.9061
0.73866
-1.6922
1.9153
0.73182
-1.6481
1.9298
0.73649
-1.6665
1.9438
0.7449
-1.6362
1.9418
0.70606
-1.5853
1.9454
0.72541
-1.6319
1.9178
0.74132
-1.8534
1.9251
0.70836
-1.7695
1.9431
0.71807
-1.666
1.9277
0.71442
-1.7341
1.927
0.71288
-1.7297
1.9242
0.69876
-1.7207
1.9224
0.71712
-1.6853
1.9086
0.62984
-1.7744
1.9074
0.65446
-1.8358
1.8327
0.64248
-2.0386
1.7925
0.60944
-1.759
1.7798
0.37269
-1.275
1.5129
0.51706
-0.37656
1.4691
0.49374
-0.38487
1.4973
0.54326
-0.51515
1.4319
0.51093
-0.41914
1.4375
0.47759
-0.64502
1.433
0.5001
-0.6702
1.3983
0.49837
-0.61844
1.3813
0.43621
-0.76494
1.3413
0.46351
-0.65568
1.3234
0.49254
-0.66833
1.3095
0.47958
-0.59795
1.3142
0.51267
-0.57365
1.2898
0.55282
-0.47604
1.304
0.50208
-0.5337
1.3219
0.52895
-0.47172
1.2882
0.54127
-0.52982
1.2609
0.51123
-0.6057
1.3212
0.5509
-0.66749
1.2982
0.53336
-0.58919
1.2568
0.50116
-0.55845
1.2709
0.5064
-0.63412
1.2678
0.54827
-0.62622
1.2652
0.48216
-0.63482
1.2482
0.47956
-0.65357
1.2441
0.46139
-0.66946
1.273
0.43985
-0.42966
1.3632
0.46619
-0.38152
1.4066
0.50357
-0.22311
1.4517
0.52073
-0.21997
1.5252
0.53942
-0.35439
1.5761
0.57367
-0.32884
1.6057
0.54436
-0.32652
1.6244
0.56773
-0.4274
1.6636
0.64174
-0.44049
1.6638
0.63572
-0.4726
1.6885
0.72587
-0.45006
1.6833
0.79256
-0.45507
1.6808
0.86475
-0.4777
1.707
0.89638
-0.4036
1.7245
0.94017
-0.37778
1.718
0.95469
-0.35332
1.7109
0.97961
-0.34713
1.7067
0.98629
-0.40887
1.6766
0.91078
-0.44708
1.6923
0.93503
-0.54518
1.6648
0.93302
-0.47873
1.6555
0.84561
-0.52139
1.6382
0.89094
-0.61956
1.6535
0.87687
-0.50932
1.6318
0.84193
-0.53859
1.6601
0.89199
-0.71896
1.65
0.88705
-0.56838
1.6013
0.81455
-0.56833
1.6336
0.77929
-0.74745
1.6154
0.79441
-0.83248
1.5504
0.73114
-0.67852
1.5447
0.68771
-0.8053
1.4836
0.65793
-0.90867
1.4044
0.51234
-0.90607
1.4077
0.4556
-0.8684
1.3811
0.52615
-0.84003
1.3202
0.50302
-0.8239
1.3167
0.50102
-0.86841
1.308
0.54169
-0.93189
1.2823
0.5077
-0.91871
1.3012
0.44562
-0.90499
1.2897
0.4634
-0.97121
1.2434
0.44119
-0.83405
1.2378
0.44013
-1.0324
1.2534
0.49489
-0.87674
1.2516
0.51336
-0.82642
1.2461
0.48453
-0.88717
1.265
0.5108
-0.73942
1.2434
0.47244
-0.68432
1.2179
0.44772
-0.78496
1.2516
0.45625
-0.77541
1.219
0.45566
-0.66056
1.2137
0.45589
-0.78706
1.2382
0.47089
-0.61318
1.2263
0.48866
-0.56655
1.2815
0.48708
-0.40034
1.3442
0.52652
-0.42928
1.4118
0.4486
-0.35298
1.4521
0.39821
-0.41069
1.5072
0.57395
-0.4525
1.5599
0.62008
-0.22082
1.592
0.66706
-0.18019
1.5997
0.77729
-0.2248
1.6575
0.85684
-0.066005
1.6774
0.87226
-0.091607
1.7481
1.0066
-0.13896
1.7507
1.0615
-0.099482
1.7885
1.1127
-0.10849
1.8121
1.1206
-0.16535
1.8098
1.1136
-0.071517
1.8183
1.0849
-0.14579
1.8464
1.1007
-0.10097
1.8057
1.1153
-0.14875
1.8145
1.0504
-0.24864
1.8647
1.087
-0.10072
1.8204
1.0755
-0.19816
1.8206
1.0183
-0.24078
1.8545
1.0526
-0.2679
1.8195
1.0942
-0.24576
1.8142
1.0157
-0.26648
1.8798
1.084
-0.26703
1.8508
1.0505
-0.19205
1.8299
0.99416
-0.22325
1.8671
0.97029
-0.26754
1.8885
0.98539
-0.26828
1.81
0.92192
-0.32767
1.8817
0.92846
-0.41514
1.8681
0.94797
-0.40568
1.8438
0.91498
-0.30195
1.8689
0.91904
-0.32749
1.8975
0.92388
-0.21595
1.8566
0.88873
-0.29704
1.8687
0.91749
-0.24283
1.8594
0.91954
-0.28067
1.8255
0.86492
-0.34369
1.8512
0.89932
-0.29425
1.8424
0.9097
-0.32076
1.8321
0.85945
-0.35525
1.8565
0.87321
-0.40894
1.8341
0.85102
-0.32329
1.8128
0.81512
-0.39024
1.8445
0.83057
-0.44072
1.8371
0.85134
-0.27407
1.8167
0.79423
-0.31883
1.8354
0.81543
-0.37002
1.8118
0.73509
-0.43843
1.7397
0.71106
-0.62876
1.6712
0.68844
-0.70492
1.5695
0.76949
-0.48009
1.3531
0.71216
-0.91879
1.3119
0.81514
-0.98775
1.31
0.75644
-0.99821
1.2859
0.73772
-1.1232
1.3134
0.71506
-1.1668
1.2985
0.73675
-1.2364
1.247
0.68779
-1.1524
1.2352
0.68133
-1.1897
1.2297
0.66206
-1.0876
1.2031
0.65967
-1.1362
1.1775
0.6519
-1.142
1.2164
0.70928
-0.88331
1.1797
0.68356
-0.91297
1.161
0.67323
-0.92032
1.1658
0.70933
-0.93746
1.1264
0.67728
-0.86863
1.143
0.70157
-0.93764
1.1398
0.73852
-0.89958
1.1505
0.73856
-0.83933
1.1574
0.75946
-0.82466
1.161
0.78517
-0.7742
1.1654
0.75418
-0.82387
1.1659
0.73927
-0.72905
1.1634
0.83355
-0.24716
1.1406
0.74471
-0.63372
1.1451
0.65162
-0.68097
1.2466
0.89366
-0.33295
1.2548
0.38231
0.090043
1.2949
0.42055
-0.044779
1.3156
0.40364
-0.14866
1.3382
0.39645
-0.0224
1.3604
0.40807
0.0094298
1.4325
0.4565
-0.12727
1.442
0.43554
-0.061432
1.4644
0.44456
-0.034611
1.5273
0.46223
-0.054493
1.5201
0.47567
-0.20821
1.5116
0.47332
-0.24452
1.5791
0.58061
-0.25523
1.5454
0.61142
-0.22223
1.5415
0.55334
-0.2239
1.6061
0.5892
-0.093667
1.5996
0.61962
-0.15123
1.5813
0.62367
-0.10995
1.591
0.59737
-0.084302
1.5819
0.59489
-0.099583
1.5298
0.58612
-0.12985
1.5682
0.60021
-0.19492
1.5346
0.60641
-0.11716
1.5228
0.58433
-0.24639
1.5578
0.62194
-0.18585
1.5588
0.59942
-0.20506
1.5514
0.59006
-0.11822
1.5833
0.61527
-0.14263
1.5653
0.61245
-0.22182
1.5611
0.54599
-0.085186
1.6037
0.53114
-0.22714
1.6047
0.48756
-0.17452
1.5937
0.39733
-0.085577
1.6082
0.41781
-0.2176
1.5799
0.65105
-0.22965
1.5796
0.37987
-0.04663
1.5778
0.40031
0.022901
1.5618
0.42454
0.019078
1.5105
0.36086
0.032219
1.5301
0.37294
0.062521
1.4944
0.39794
0.013071
1.4529
0.36148
0.0078675
1.4678
0.3777
0.044163
1.4638
0.36668
0.056377
1.386
0.35474
0.086355
1.4213
0.34647
-0.027444
1.414
0.40131
0.013864
1.3613
0.36253
0.07179
1.3779
0.39067
-0.012986
1.3611
0.4023
0.014465
1.3481
0.35025
0.031181
1.3875
0.37213
0.0058986
1.391
0.39956
-0.012293
1.3726
0.35742
0.0048378
1.3933
0.37023
-0.011067
1.3605
0.35129
-0.074606
1.3126
0.3313
-0.062943
1.3432
0.31917
-0.031668
1.3203
0.36657
-0.028617
1.32
0.34165
0.056264
1.3135
0.3401
-0.13126
1.2805
0.38501
-0.10923
1.2862
0.31649
-0.093819
1.2661
0.34373
-0.16798
1.2809
0.36999
-0.083786
1.2365
0.37303
-0.12968
1.2771
0.4914
-0.22435
1.2657
0.43874
-0.012636
1.2024
0.71766
-1.0088
1.2137
0.73553
-1.0139
1.1983
0.76715
-1.0023
1.1745
0.75098
-0.94571
1.232
0.72754
-0.97647
1.1977
0.74364
-1.0757
1.2163
0.68406
-1.2014
1.2243
0.66637
-1.0912
1.2598
0.61195
-1.1528
1.2365
0.53275
-1.1701
1.2563
0.44244
-1.2488
1.2903
0.39247
-1.2038
1.2264
0.33014
-1.2648
1.2516
0.32888
-1.3707
1.2404
0.34749
-1.4146
1.1904
0.3058
-1.4004
1.1864
0.28445
-1.3929
1.205
0.29672
-1.3472
1.1875
0.2544
-1.1923
1.2099
0.23543
-1.2638
1.2295
0.28826
-1.2022
1.1983
0.28655
-1.2633
1.2261
0.29398
-1.2499
1.209
0.31119
-1.2751
1.1949
0.27271
-1.3043
1.2221
0.25883
-1.1647
1.2345
0.30983
-1.2418
1.2327
0.25649
-1.2527
1.2141
0.29473
-1.1269
1.2408
0.31369
-1.2377
1.2353
0.28007
-1.1438
1.2428
0.31142
-1.1514
1.2858
0.36881
-1.0825
1.2836
0.36505
-0.94621
1.3551
0.55681
-1.0234
1.3701
0.77338
-1.144
1.3703
0.97595
-1.2075
1.3637
0.95097
-1.3999
1.3405
0.92153
-1.2066
1.2947
0.91639
-1.1902
1.2971
0.91988
-1.2531
1.2946
0.98248
-1.1678
1.2829
0.98618
-1.1095
1.2917
0.98652
-1.157
1.3269
1.0287
-1.1352
1.328
1.0405
-1.1459
1.3357
1.0125
-1.1941
1.3808
1.0392
-1.1257
1.3386
1.0442
-1.0529
1.3335
1.0182
-1.1413
1.3687
1.0653
-1.0042
1.3513
1.0456
-0.91725
1.3213
1.0307
-0.93663
1.348
1.058
-0.9828
1.3253
1.0395
-1.0179
1.3426
0.97443
-0.99806
1.3673
0.98887
-0.95148
1.3511
0.96328
-0.87442
1.3787
0.88604
-0.80046
1.4124
0.87238
-0.82991
1.3672
0.91407
-0.98101
1.3534
0.85918
-0.9703
1.3875
0.8714
-0.96092
1.345
0.85904
-0.90069
1.3435
0.82004
-0.97862
1.3417
0.8312
-1.0495
1.3396
0.83824
-1.0034
1.3373
0.76539
-1.2076
1.3703
0.78886
-1.1083
1.3088
0.79259
-1.1456
1.3088
0.78636
-1.1817
1.3379
0.76445
-1.1393
1.3261
0.82438
-1.0276
1.2863
0.79979
-1.0881
1.3337
0.76634
-1.0828
1.3377
0.80008
-1.1047
1.2969
0.7745
-1.1938
1.3521
0.73185
-1.0739
1.3522
0.80032
-1.0448
1.3105
0.72974
-1.0723
1.2942
0.72267
-0.95098
1.3027
0.71503
-1.0553
1.2739
0.69072
-1.1
1.2618
0.69074
-1.0259
1.247
0.70822
-1.0244
1.2183
0.66798
-0.98711
1.2495
0.67104
-1.0072
1.2487
0.66394
-0.94507
1.248
0.64153
-0.95749
1.2568
0.64365
-0.91784
1.2879
0.67461
-0.86539
1.271
0.61368
-1.034
1.2569
0.64219
-1.2266
1.2931
0.65202
-1.2075
1.2304
0.60156
-1.1675
1.2044
0.62378
-1.2609
1.1987
0.62814
-1.1963
1.1795
0.59177
-1.2401
1.1958
0.63516
-1.1491
1.1818
0.68531
-1.2055
1.1599
0.64502
-1.1843
1.199
0.65085
-1.1503
1.1966
0.69332
-1.0683
1.1669
0.59043
-1.0839
1.1661
0.58613
-1.2505
1.1769
0.56079
-1.2617
1.1127
0.5391
-1.1966
1.1287
0.48464
-1.1388
1.0967
0.50764
-1.1623
1.0476
0.50611
-1.1471
1.0641
0.47407
-1.2221
1.0743
0.53126
-1.1731
1.019
0.2241
-0.85893
0.9747
0.17267
-0.84257
0.99484
0.26241
-0.86265
0.98106
0.21966
-0.91363
0.99363
0.19223
-0.94718
1.0566
0.23147
-0.86737
1.0725
0.23726
-0.83841
1.0535
0.28304
-0.75453
1.0479
0.30709
-0.67047
1.1202
0.35316
-0.56555
1.1309
0.36796
-0.713
1.1339
0.29989
-0.58745
1.1414
0.33545
-0.67462
1.1156
0.26668
-0.67376
1.102
0.20663
-0.55272
1.1086
0.24465
-0.65592
1.0874
0.29296
-0.78398
1.112
0.28533
-0.48347
1.1671
0.36234
-0.4955
1.1674
0.34705
-0.55187
1.1766
0.32274
-0.55608
1.207
0.33139
-0.47108
1.1992
0.32741
-0.49617
1.1951
0.27832
-0.55817
1.2493
0.3177
-0.56086
1.2174
0.31408
-0.53075
1.2178
0.30061
-0.63367
1.2323
0.3131
-0.58011
1.2141
0.34255
-0.53488
1.2239
0.31621
-0.56133
1.2414
0.3419
-0.59426
1.2451
0.37558
-0.49092
1.2319
0.3865
-0.56112
1.2948
0.38444
-0.56678
1.2722
0.3699
-0.54569
1.2383
0.31197
-0.47628
1.2454
0.34293
-0.39823
1.228
0.3703
-0.44569
1.2036
0.21997
-0.45197
1.2611
0.046849
-0.24019
1.1646
-0.058916
-0.75739
1.1301
-0.26273
-0.43116
1.1273
-0.30939
-0.72356
1.0323
-0.4351
-0.65807
1.031
-0.50404
-0.66739
1.0451
-0.46928
-0.82764
1.0468
-0.43483
-0.85982
1.1032
-0.51745
-0.5698
1.1229
-0.51102
-0.81993
1.1181
-0.47258
-0.85463
1.1546
-0.49949
-0.84816
1.1422
-0.52239
-0.78051
1.1243
-0.56953
-0.92177
1.1131
-0.61934
-0.83387
1.1157
-0.5971
-0.91156
1.0833
-0.59762
-0.73529
1.0818
-0.6173
-0.68494
1.1534
-0.56049
-0.69231
1.1681
-0.53741
-0.69934
1.1821
-0.53947
-0.66019
1.1743
-0.51657
-0.57863
1.2202
-0.45812
-0.70382
1.1986
-0.50508
-0.68181
1.2341
-0.46818
-0.52888
1.2359
-0.44485
-0.58216
1.2609
-0.4201
-0.57481
1.3336
-0.37738
-0.39487
1.3679
-0.29816
-0.37349
1.4247
0.031696
-0.30951
1.4901
0.2488
-0.31689
1.4859
0.49623
-0.3696
1.4713
0.4987
-0.43489
1.4698
0.49029
-0.25873
1.4518
0.51316
-0.23853
1.3873
0.48549
-0.32205
1.3969
0.47412
-0.33579
1.3922
0.4972
-0.26784
1.38
0.44699
-0.26164
1.3903
0.42533
-0.10986
1.3543
0.49819
-0.19475
1.3209
0.42076
-0.18996
1.3088
0.4362
-0.19613
1.2741
0.49683
-0.20674
1.2724
0.50809
-0.16216
1.3161
0.48748
-0.11814
1.3249
0.56417
-0.10184
1.3315
0.51513
-0.064542
1.3587
0.56162
-0.20872
1.4145
0.57291
-0.13295
1.441
0.54126
-0.021042
1.4811
0.60046
0.026366
1.5766
0.61849
0.067707
1.5963
0.62344
0.017507
1.6298
0.67035
0.16594
1.63
0.78554
0.082103
1.6427
0.86734
0.13816
1.675
0.92415
0.18024
1.6812
1.0415
0.069817
1.6763
1.0911
0.15513
1.7138
1.1347
0.22431
1.7379
1.2014
0.24056
1.716
1.2109
0.25921
1.742
1.2154
0.19704
1.744
1.2843
0.18115
1.728
1.2673
0.19718
1.7104
1.256
0.18672
1.7174
1.3199
0.13271
1.6956
1.2792
0.21898
1.6889
1.2699
0.21801
1.696
1.2766
0.16252
1.6724
1.242
0.16473
1.6956
1.1846
0.14606
1.7028
1.1002
0.063746
1.6762
0.94537
-0.013341
1.6893
0.82772
-0.056133
1.704
0.77354
-0.05331
1.6515
0.7439
-0.18502
1.627
0.70348
-0.21765
1.6739
0.77204
-0.17751
1.5877
0.71695
-0.11846
1.5582
0.7122
-0.19148
1.5439
0.75595
-0.25457
1.4563
0.73163
-0.26052
1.434
0.70743
-0.22846
1.3784
0.71111
-0.33729
1.3327
0.68845
-0.31938
1.296
0.66007
-0.50026
1.2839
0.69466
-0.49797
1.2671
0.67708
-0.43033
1.272
0.71105
-0.52433
1.3005
0.84046
-0.5489
1.2695
0.87991
-0.59102
1.3017
0.93964
-0.68244
1.3054
1.0494
-0.5206
1.3272
1.1006
-0.50241
1.3516
1.1278
-0.52697
1.3633
1.1652
-0.58787
1.3228
1.2086
-0.5812
1.361
1.1938
-0.52142
1.3869
1.2439
-0.55309
1.3548
1.302
-0.47939
1.3303
1.2397
-0.49407
1.3633
1.2908
-0.49194
1.3504
1.2779
-0.47938
1.3181
1.2653
-0.42622
1.3435
1.2996
-0.43391
1.3129
1.2877
-0.44963
1.272
1.2503
-0.41242
1.314
1.2051
-0.36757
1.268
1.1885
-0.43655
1.2548
1.0807
-0.499
1.2817
0.99634
-0.6165
1.2652
0.8918
-0.49868
1.2534
0.80031
-0.51082
1.3083
0.78425
-0.52913
1.2675
0.81772
-0.64054
1.2431
0.76371
-0.55699
1.2349
0.79898
-0.52538
1.1762
0.76329
-0.55245
1.1383
0.76467
-0.68063
1.1171
0.74413
-0.67082
1.1051
0.7194
-0.58549
1.0194
0.69336
-0.67876
1.045
0.69544
-0.66725
1.0248
0.67383
-0.71043
1.0003
0.64762
-0.77886
1.022
0.65034
-0.71687
1.04
0.60474
-0.79073
1.0401
0.56484
-0.95869
1.0388
0.60537
-1.1245
0.99734
0.57996
-1.2188
0.95672
0.52256
-1.1922
0.95029
0.53665
-1.3223
0.9574
0.52783
-1.2978
0.8966
0.57107
-1.3552
0.92113
0.65775
-1.5008
0.95517
0.75074
-1.3877
0.93561
0.78887
-1.5154
0.9573
0.82265
-1.6146
0.95127
0.87785
-1.4691
0.96109
0.90262
-1.4565
0.98613
0.90459
-1.5445
0.99848
0.92377
-1.4169
0.97297
0.9271
-1.5149
0.97422
0.92591
-1.5349
0.97629
0.93344
-1.5453
0.97798
0.88933
-1.5165
0.98296
0.85559
-1.5624
0.94228
0.87318
-1.5525
0.93424
0.86087
-1.5597
0.92872
0.83619
-1.6302
0.94989
0.83096
-1.5746
0.91458
0.74453
-1.5421
0.93159
0.75418
-1.6239
0.95366
0.738
-1.6524
0.91644
0.6894
-1.7563
0.91877
0.64119
-1.8143
0.91797
0.68222
-1.6836
0.92663
0.62936
-1.6878
0.96163
0.61902
-1.7643
0.96101
0.65237
-1.6746
0.93949
0.61932
-1.5064
0.94566
0.65274
-1.528
0.99508
0.69652
-1.3259
0.98565
0.69464
-1.2234
1.0242
0.70262
-1.1907
1.0322
0.73478
-1.1682
0.99594
0.71578
-1.1435
1.001
0.73484
-1.0935
0.98808
0.75523
-1.1142
0.96078
0.74225
-1.0371
0.96464
0.72251
-0.99561
0.97521
0.76981
-1.072
0.93222
0.74585
-1.0419
0.92452
0.73377
-1.001
0.91916
0.74903
-1.075
0.87843
0.73403
-1.0647
0.88462
0.75356
-1.0127
0.93303
0.77119
-1.007
0.90745
0.80136
-0.94783
0.90311
0.73389
-0.98877
0.97095
0.80688
-1.0101
0.93716
0.77883
-1.0124
0.93299
0.79568
-0.94466
0.99347
0.82842
-0.94676
0.97098
0.83873
-1.016
0.95531
0.78773
-1.0525
0.99049
0.79331
-1.1629
0.96299
0.76571
-1.2281
0.98408
0.74809
-1.4269
0.97703
0.74486
-1.3768
0.97558
0.7175
-1.5148
0.95865
0.71737
-1.651
0.98339
0.77132
-1.7297
0.99545
0.74698
-1.6657
0.95014
0.77689
-1.7888
0.97883
0.74524
-1.7902
0.98232
0.75527
-1.8155
0.96669
0.69887
-1.7155
0.98162
0.72006
-1.8215
0.96888
0.73391
-1.8345
0.94753
0.67872
-2.0677
0.97183
0.67991
-2.0264
0.95575
0.67413
-2.0038
0.95504
0.65291
-2.0301
0.97103
0.68327
-2.1701
0.95582
0.65994
-2.0323
0.95419
0.62602
-2.1254
0.98132
0.6693
-2.1381
0.98504
0.65007
-1.9708
0.95225
0.62009
-2.0465
0.98742
0.61918
-2.023
0.96217
0.66408
-2.0466
0.95005
0.62057
-2.0833
0.99428
0.63283
-1.9902
0.96322
0.64762
-1.9236
0.9378
0.64268
-2.0554
0.97866
0.64709
-1.9797
0.94112
0.63172
-1.9116
0.93751
0.61566
-2.0514
0.93652
0.61606
-2.0459
0.91356
0.64096
-1.8438
0.91362
0.66774
-1.6959
0.93309
0.7202
-1.4815
0.9521
0.78603
-1.3956
0.93922
0.76299
-1.4075
0.95877
0.80277
-1.3657
0.98358
0.81934
-1.2034
0.98603
0.78736
-1.1787
0.97572
0.81346
-1.3108
0.99023
0.85809
-1.2767
0.97632
0.82447
-1.1697
0.99092
0.82651
-1.1749
1.0048
0.85497
-0.95536
1.0261
0.8382
-0.989
1.1061
0.86857
-0.83178
1.1048
0.86257
-0.69152
1.0928
0.85207
-0.76847
1.1277
0.86314
-0.70197
1.1801
0.87673
-0.50262
1.2156
0.87237
-0.49976
1.2595
0.85394
-0.3
1.3349
0.91977
-0.22855
1.4038
0.95748
-0.2586
1.4703
0.97084
-0.21972
1.5215
1.0077
-0.30241
1.494
1.0093
-0.27543
1.5087
1.0129
-0.15166
1.5263
1.0722
-0.2055
1.5389
1.0953
-0.087736
1.5463
1.1094
-0.082501
1.5969
1.1967
0.02786
1.5991
1.1922
-0.058737
1.5801
1.2423
-0.027996
1.5858
1.262
-0.030608
1.5393
1.2159
-0.045127
1.5222
1.2537
0.0024717
1.5666
1.2601
-0.039962
1.5202
1.2362
0.0257
1.5409
1.1811
0.060689
1.5387
1.1374
0.023601
1.4853
0.9982
-0.31345
1.4266
0.8793
-0.51931
1.3577
0.9309
-0.29923
1.2692
0.923
-0.49454
1.1819
0.50157
0.51428
1.1718
0.45908
0.36974
1.1006
0.40101
0.091728
1.0808
0.41803
-0.059788
1.0848
0.44892
-0.1191
1.0527
0.4333
-0.1078
1.0376
0.47022
-0.15033
1.0471
0.5016
-0.0081967
1.0192
0.50675
0.13659
0.9841
0.53042
0.036034
1.0295
0.56893
0.1316
0.96587
0.53424
0.13846
0.94511
0.52167
0.27887
1.0017
0.51088
0.37276
0.95449
0.50136
0.38418
0.94725
0.47046
0.27825
0.96092
0.49576
0.23288
0.92668
0.47912
-0.027706
0.88785
0.40669
-0.15991
0.89653
0.38925
-0.37587
0.86505
0.37677
-0.49204
0.86284
0.3297
-0.64716
0.88892
0.36562
-0.66569
0.87103
0.41848
-0.66308
0.86246
0.38916
-0.7151
0.89541
0.39156
-0.75056
0.88835
0.42339
-0.78636
0.89953
0.46205
-0.85861
0.9306
0.51936
-0.6258
0.94518
0.58577
-0.58556
0.94932
0.57399
-0.72398
0.98963
0.6755
-0.61356
0.95516
0.72371
-0.68426
0.97648
0.75411
-0.67774
0.9825
0.78256
-0.61718
0.99759
0.83618
-0.4729
0.99149
0.80943
-0.71472
1.0257
0.87025
-0.73606
1.0037
0.90149
-0.70675
1.0072
0.85567
-0.6874
1.0584
0.93863
-0.68841
1.0378
0.92198
-0.72378
1.0009
0.88824
-0.72037
1.0399
0.94679
-0.68671
1.0149
0.9642
-0.69969
0.99849
0.92874
-0.63646
1.036
0.95702
-0.75815
1.0653
0.98031
-0.61895
1.0108
0.98512
-0.66269
1.0345
1.0091
-0.58318
1.0377
1.0449
-0.39872
1.0319
0.99599
-0.1445
1.0553
1.0721
-0.2103
1.069
1.0361
-0.11417
1.0631
0.95749
-0.038393
1.0843
0.89686
0.040413
1.0852
0.89731
0.017347
1.0508
0.86527
0.03985
1.0858
0.81422
0.054225
1.0785
0.80358
-0.14522
1.04
0.73004
-0.24518
1.0386
0.66398
-0.37438
1.0459
0.64886
-0.37094
1.0106
0.61293
-0.51227
1.0129
0.63814
-0.65345
0.98438
0.60544
-0.71288
0.96666
0.67387
-0.8273
0.97354
0.72776
-0.79981
0.98475
0.80785
-0.80482
0.9621
0.83311
-0.87128
0.98881
0.87965
-0.92902
1.0067
0.96796
-1.0234
0.98561
0.97406
-0.93679
1.0326
0.99874
-0.97355
1.0332
1.0468
-1.0122
1.0028
1.03
-0.98282
1.0681
1.081
-0.97452
1.057
1.1251
-1.0239
1.0515
1.0741
-1.0016
1.0647
1.1189
-1.2052
1.058
1.1362
-1.0612
1.0452
1.1302
-1.0161
1.0552
1.1425
-1.0657
1.0734
1.1696
-0.99676
1.0553
1.1333
-1.0442
1.0829
1.1492
-1.0319
1.093
1.1959
-1.05
1.0433
1.1533
-1.0274
1.0631
1.1809
-1.1177
1.0757
1.1895
-1.0886
1.071
1.1223
-1.0277
1.0671
1.1505
-1.1683
1.0689
1.1904
-1.1581
1.0544
1.1678
-1.1137
1.0877
1.1517
-1.1883
1.0711
1.1694
-1.0239
1.0402
1.1452
-1.0773
1.0436
1.1314
-1.131
1.0713
1.173
-1.0408
1.0414
1.194
-1.0556
1.083
1.1869
-1.0679
1.0761
1.2072
-0.95721
1.0404
1.2234
-1.0578
1.0285
1.2069
-1.0743
1.0755
1.1912
-0.88336
1.0268
1.1574
-0.8393
1.0509
1.0623
-0.77719
1.0776
1.0366
-0.56526
1.0448
0.97393
-0.54485
1.0606
0.93127
-0.58859
1.1336
0.91378
-0.49039
1.1158
0.89363
-0.40542
1.1311
0.87114
-0.42086
1.1703
0.89067
-0.3386
1.138
0.8779
-0.28739
1.1803
0.89155
-0.34263
1.1894
0.89135
-0.39515
1.1491
0.83131
-0.41539
1.1199
0.76041
-0.61829
1.1446
0.73017
-0.5718
1.1043
0.7041
-0.5803
1.0609
0.7023
-0.66952
1.0554
0.73672
-0.67367
0.99773
0.72686
-0.7253
0.96273
0.72488
-0.7651
0.98323
0.76425
-0.82856
0.95508
0.7143
-0.77407
0.92048
0.69548
-0.92595
0.97886
0.79015
-0.88076
0.97321
0.77695
-0.96621
0.97796
0.82791
-1.0904
1.0456
0.87061
-1.1094
1.0087
0.88676
-1.0386
1.0489
0.89528
-1.1628
1.0809
0.94349
-1.1701
1.0683
0.95662
-1.0668
1.0988
0.90137
-1.2277
1.1181
0.96395
-1.1637
1.1048
0.95934
-1.0889
1.1281
0.945
-1.1721
1.1853
0.93716
-1.1813
1.1651
0.92865
-1.1619
1.1425
0.89513
-1.1484
1.162
0.93538
-1.2953
1.1375
0.95302
-1.1804
1.1637
0.91769
-1.2908
1.1854
0.96468
-1.1081
1.1478
0.95359
-1.1493
1.1588
0.95885
-1.1577
1.1656
0.98087
-1.0648
1.1637
0.98831
-1.1208
1.1689
0.9473
-1.1647
1.1977
0.98004
-1.1311
1.162
0.98969
-1.0974
1.1704
0.97017
-1.0891
1.1691
1.0047
-0.98164
1.1756
1.0204
-0.82119
1.1375
0.98068
-0.78249
1.1444
0.94193
-0.79014
1.0941
0.93373
-0.76675
1.0645
0.87251
-0.59879
1.1311
0.88017
-0.54754
1.0819
0.90586
-0.56422
1.0614
0.8536
-0.46243
1.0482
0.87582
-0.39964
1.0538
0.88135
-0.23185
1.063
0.82269
-0.25269
1.0543
0.83192
-0.29253
1.0519
0.83044
-0.22055
1.0147
0.79289
-0.23033
1.0122
0.82096
-0.25222
1.0099
0.75148
-0.23554
0.96508
0.71792
-0.20695
1.0236
0.74384
-0.31947
1.0125
0.74802
-0.26069
0.96098
0.73559
-0.35767
1.0097
0.75077
-0.41036
1.0171
0.76014
-0.31528
0.98299
0.71458
-0.35755
1.0213
0.75331
-0.44765
1.0408
0.76137
-0.44102
1.0396
0.75067
-0.42975
1.0862
0.79335
-0.42485
1.14
0.79343
-0.44961
1.1333
0.76998
-0.73755
1.158
0.79697
-0.80311
1.161
0.87059
-0.81482
1.1682
0.86532
-1.0547
1.1992
0.9164
-0.9081
1.1942
0.95685
-0.98169
1.1593
0.94503
-1.1191
1.2068
0.96658
-1.1404
1.1718
0.9998
-1.1605
1.128
1.0254
-1.2758
1.2003
1.0271
-1.2004
1.2177
1.0657
-1.1089
1.2057
1.0365
-1.2012
1.2362
1.0541
-1.2152
1.2386
1.0829
-1.1869
1.2176
1.0864
-1.2837
1.2484
1.0359
-1.2313
1.2667
1.0883
-1.2167
1.2248
1.0564
-1.2672
1.2366
1.0587
-1.1143
1.2381
1.0939
-1.1764
1.2026
1.0441
-1.2068
1.2612
1.0404
-1.2757
1.2505
1.0689
-1.0245
1.2311
1.0191
-1.1249
1.24
1.0012
-1.0745
1.2045
1.0182
-1.0317
1.2171
1.0032
-0.87088
1.2422
0.97624
-0.94223
1.2702
0.96233
-0.86114
1.2374
0.90714
-0.85931
1.2607
0.87042
-0.86762
1.2861
0.84926
-0.732
1.1994
0.8125
-0.76618
1.1931
0.81549
-0.6218
1.1634
0.81551
-0.60333
1.0991
0.77443
-0.53871
1.1486
0.77798
-0.63063
1.1336
0.73638
-0.48979
1.1039
0.71214
-0.4338
1.0959
0.69439
-0.53367
1.128
0.73833
-0.5359
1.0723
0.71143
-0.60665
1.0944
0.71339
-0.52838
1.1035
0.71596
-0.51738
1.0744
0.68491
-0.62597
1.0218
0.66173
-0.81381
1.0238
0.60768
-0.63369
1.0012
0.5446
-0.63746
1.0271
0.55532
-0.57486
1.0637
0.5777
-0.48744
1.0145
0.57071
-0.63825
0.99816
0.53384
-0.68732
0.96515
0.5728
-0.71828
0.93089
0.54656
-0.79707
0.92293
0.53659
-0.74974
0.97172
0.50553
-0.72118
0.97688
0.48714
-0.60459
1.0284
0.45552
-0.84646
1.0998
0.45433
-0.72305
1.1066
0.39739
-0.61881
1.1019
0.31786
-0.42639
1.1868
0.35749
-0.56072
1.1628
0.35497
-0.58369
1.197
0.37316
-0.45189
1.2558
0.47034
-0.41627
1.2453
0.49711
-0.46853
1.2906
0.45385
-0.50336
1.3453
0.47659
-0.46053
1.3135
0.48647
-0.48199
1.2987
0.42776
-0.56744
1.3333
0.48159
-0.62608
1.2865
0.4817
-0.429
1.2778
0.45583
-0.45657
1.3037
0.46286
-0.51415
1.225
0.40166
-0.56049
1.2307
0.36868
-0.7356
1.2955
0.34995
-0.69783
1.2901
0.3135
-0.70333
1.2851
0.31025
-0.84274
1.3005
0.34167
-0.74985
1.2788
0.33659
-0.7186
1.2546
0.37174
-0.67867
1.2517
0.4103
-0.66071
1.2188
0.38264
-0.67708
1.2311
0.33527
-0.74077
1.2411
0.3473
-0.66324
1.237
0.35264
-0.75694
1.2518
0.33383
-0.68938
1.2689
0.34841
-0.74856
1.2692
0.34767
-0.71417
1.2593
0.32395
-0.76535
1.2817
0.36497
-0.63916
1.3122
0.36721
-0.55226
1.3152
0.36704
-0.4624
1.3927
0.37329
-0.43358
1.3785
0.38697
-0.47001
1.3409
0.34619
-0.60864
1.3743
0.35767
-0.57295
1.3277
0.38407
-0.56309
1.3072
0.34698
-0.63471
1.3574
0.34702
-0.64712
1.3245
0.35907
-0.55937
1.3156
0.34011
-0.52093
1.3038
0.3477
-0.61987
1.3001
0.35209
-0.6973
1.2611
0.35279
-0.61224
1.2849
0.37499
-0.70534
1.2542
0.38388
-0.74304
1.25
0.38489
-0.89369
1.2691
0.43006
-0.76214
1.269
0.43859
-0.65842
1.2716
0.44545
-0.58564
1.3367
0.51969
-0.5632
1.3416
0.65395
-0.3941
1.3691
0.7488
-0.23753
1.4317
0.83823
-0.15699
1.4298
0.92029
-0.20857
1.4482
0.95523
-0.13658
1.4953
1.0227
-0.090167
1.4937
1.0694
-0.087757
1.4682
1.0738
-0.027922
1.5104
1.1076
0.037676
1.499
1.1341
0.12113
1.5201
1.1644
0.061679
1.5761
1.1485
0.18142
1.5416
1.2008
0.12976
1.4987
1.1529
0.22167
1.5452
1.1922
0.22286
1.5399
1.1694
0.19928
1.5288
1.17
0.26331
1.5573
1.1788
0.2147
1.5614
1.224
0.19234
1.5359
1.1814
0.13602
1.5444
1.1715
0.17559
1.5459
1.2254
0.076712
1.5374
1.1723
0.091286
1.5481
1.1599
0.038144
1.5366
1.232
0.071505
1.5447
1.1278
0.030906
1.5561
1.1376
-0.01702
1.554
1.1434
0.034382
1.5244
1.1243
0.06894
1.5625
1.1094
-0.055113
1.543
1.1251
-0.075285
1.553
1.0061
-0.12137
1.5607
0.96274
-0.15764
1.5515
0.859
-0.26448
1.4977
0.75463
-0.47406
1.5259
0.67614
-0.52375
1.4883
0.61971
-0.53215
1.4731
0.55934
-0.44265
1.4598
0.53285
-0.54369
1.4515
0.54632
-0.51025
1.4408
0.51265
-0.54589
1.4264
0.54886
-0.76661
1.3754
0.5481
-0.54287
1.3416
0.51814
-0.6112
1.3086
0.49088
-0.73305
1.3174
0.53656
-0.63787
1.2704
0.53914
-0.5853
1.3
0.56099
-0.62526
1.2871
0.57343
-0.56163
1.2599
0.55083
-0.63621
1.2999
0.55343
-0.548
1.3201
0.59274
-0.50361
1.3153
0.54933
-0.50819
1.3332
0.55496
-0.51307
1.3678
0.57328
-0.44316
1.3417
0.59029
-0.58165
1.3766
0.66954
-0.414
1.3697
0.7215
-0.47056
1.3892
0.77202
-0.35589
1.425
0.84534
-0.30957
1.4497
0.94381
-0.16756
1.4419
1.0092
-0.22126
1.4611
1.0409
-0.20634
1.4833
1.058
-0.16992
1.4812
1.0512
-0.11524
1.4747
1.0404
-0.22486
1.4933
1.0742
-0.087313
1.4632
1.0679
-0.19891
1.4769
1.018
-0.12537
1.4742
1.0166
-0.17067
1.4751
1.0046
-0.27608
1.4836
1.0122
-0.23266
1.5071
1.0322
-0.16438
1.4468
1.029
-0.25579
1.4277
0.97664
-0.25289
1.4469
0.96127
-0.33149
1.4194
0.90918
-0.38796
1.4267
0.82528
-0.42982
1.4562
0.78022
-0.45733
1.4038
0.67167
-0.50974
1.3578
0.57441
-0.69071
1.3933
0.49142
-0.76475
1.3418
0.46563
-0.76114
1.3386
0.45176
-0.74867
1.3506
0.46961
-0.69802
1.3075
0.43611
-0.7325
1.2761
0.40646
-0.76213
1.3119
0.44049
-0.71633
1.2526
0.42509
-0.74365
1.2331
0.40898
-0.74542
1.2301
0.4605
-0.69266
1.194
0.42899
-0.66894
1.1952
0.43676
-0.73557
1.2094
0.47475
-0.70198
1.1878
0.47737
-0.67711
1.1949
0.45922
-0.65347
1.2153
0.46582
-0.70566
1.1922
0.45301
-0.71852
1.2037
0.40305
-0.66355
1.2455
0.40451
-0.72922
1.2147
0.40541
-0.76855
1.1879
0.38468
-0.736
1.2342
0.39306
-0.77712
1.1916
0.38272
-0.74524
1.1782
0.39268
-0.7716
1.214
0.41002
-0.82566
1.2235
0.37006
-0.79956
1.21
0.34236
-0.69523
1.2708
0.35551
-0.75026
1.3081
0.35846
-0.66871
1.33
0.31829
-0.81626
1.3773
0.30714
-0.84478
1.3911
0.28281
-1.0023
1.4199
0.27177
-1.0757
1.4486
0.32676
-1.1761
1.4647
0.35816
-0.97994
1.4811
0.29516
-1.2007
1.4671
0.27032
-1.1972
1.4138
0.30996
-1.2872
1.397
0.26309
-1.2379
1.3778
0.30731
-1.1077
1.3475
0.2613
-0.99609
1.3561
0.2666
-0.97964
1.3334
0.34886
-0.91153
1.3308
0.34886
-0.8777
1.3128
0.33691
-0.80326
1.3403
0.36007
-0.76367
1.3049
0.37992
-0.70372
1.3096
0.3682
-0.62103
1.3367
0.37462
-0.55541
1.3717
0.37569
-0.5973
1.3364
0.3631
-0.64723
1.3696
0.3997
-0.59278
1.4129
0.42885
-0.67779
1.3752
0.44415
-0.71623
1.3944
0.43297
-0.86674
1.3922
0.36609
-0.72919
1.3582
0.3361
-0.79043
1.3433
0.32655
-0.83687
1.3326
0.36217
-0.84278
1.3011
0.33946
-0.91633
1.3236
0.3269
-0.9968
1.3187
0.2966
-1.077
1.285
0.25246
-1.2122
1.2971
0.25372
-1.2326
1.2871
0.25122
-1.2779
1.2859
0.21321
-1.3095
1.3293
0.21155
-1.2838
1.3347
0.21474
-1.0663
1.3078
0.21232
-1.1311
1.3388
0.24042
-1.0133
1.328
0.27443
-0.92067
1.2808
0.28611
-0.89567
1.2975
0.3155
-0.84628
1.3244
0.37782
-0.69021
1.3279
0.42216
-0.62062
1.3717
0.49409
-0.57208
1.3855
0.59776
-0.62589
1.3801
0.58852
-0.58109
1.4163
0.70433
-0.80202
1.4522
0.87365
-0.91539
1.4301
1.0335
-0.98371
1.461
1.1077
-0.96903
1.4664
1.258
-1.0566
1.46
1.2846
-1.1607
1.4777
1.3452
-1.1588
1.485
1.4332
-1.0874
1.4626
1.4343
-1.1279
1.5135
1.4476
-1.0241
1.4999
1.4993
-1.0123
1.5158
1.4945
-0.98836
1.5813
1.5402
-0.93152
1.5669
1.6224
-1.0528
1.5626
1.6344
-1.0379
1.6045
1.6414
-0.92973
1.6198
1.6799
-0.9916
1.5947
1.6352
-1.0119
1.6011
1.6298
-0.93931
1.6419
1.6856
-0.9054
1.6137
1.63
-0.9136
1.6302
1.5971
-0.89552
1.6163
1.6123
-0.85647
1.5875
1.5359
-0.80844
1.6008
1.4474
-0.91688
1.5657
1.3594
-1.0496
1.4427
1.145
-0.65237
1.4075
1.0597
-0.73593
1.3903
0.94182
-0.49145
1.3554
0.82392
-0.42252
1.3308
0.79582
-0.44899
1.3663
0.77493
-0.38344
1.3288
0.67158
-0.39854
1.3158
0.67289
-0.47684
1.3383
0.70215
-0.39576
1.3325
0.66585
-0.4132
1.2932
0.62904
-0.5855
1.3115
0.66576
-0.25202
1.2994
0.65388
-0.19345
1.3893
0.67313
-0.20122
1.4663
0.8038
-0.35278
1.5325
0.95324
-0.59827
1.5654
1.0595
-0.71274
1.6118
1.3059
-0.80485
1.5998
1.4347
-0.78769
1.6302
1.5353
-0.93787
1.6531
1.6235
-0.92946
1.6146
1.6821
-1.0008
1.613
1.7189
-1.0219
1.6558
1.7546
-0.91924
1.6206
1.8276
-0.87641
1.6332
1.8422
-0.9614
1.6467
1.9213
-0.94072
1.637
1.9277
-1.0603
1.6368
1.9037
-0.98008
1.6513
1.9611
-0.94821
1.6459
1.9434
-1.0093
1.6873
1.8757
-0.96517
1.6804
1.9513
-0.92835
1.6669
1.9241
-0.94721
1.6959
1.9023
-0.9591
1.7421
1.9245
-0.87943
1.7126
1.9087
-1.0361
1.7135
1.8459
-1.0879
1.7573
1.8825
-1.0566
1.7115
1.8888
-1.0777
1.7186
1.8083
-1.0064
1.7327
1.8852
-1.1286
1.6981
1.8616
-1.1075
1.7236
1.7855
-0.97661
1.7279
1.8037
-0.93538
1.7051
1.8138
-0.95707
1.6964
1.7707
-0.91642
1.7309
1.7732
-0.89823
1.686
1.7529
-0.93242
1.7025
1.5352
-0.82325
1.7086
1.4359
-0.61596
1.6295
1.233
-0.59267
1.594
1.0318
-0.38112
1.5926
0.95714
-0.32436
1.4829
0.86247
-0.17405
1.4345
0.74771
-0.3522
1.4067
0.72863
-0.16847
1.3358
0.68878
-0.016473
1.3394
0.64623
-0.02868
1.3304
0.6536
-0.08517
1.3127
0.60318
-0.073957
1.3069
0.60899
-0.085368
1.3353
0.61658
-0.038426
1.3287
0.62225
0.00041964
1.2933
0.61567
-0.041753
1.3653
0.61148
0.16869
1.3315
0.62588
0.066306
1.3101
0.59699
0.11488
1.3506
0.67828
-0.0046999
1.3064
0.666
-0.061206
1.2991
0.60446
0.028181
1.433
0.69279
0.12244
1.4237
0.80613
-0.0018675
1.4355
0.85715
0.040536
1.5529
1.0476
-0.078069
1.6061
1.1559
-0.6057
1.6287
1.303
-0.66772
1.7227
1.4583
-0.68474
1.7363
1.5846
-0.81038
1.7246
1.6301
-0.63438
1.7714
1.7345
-0.64565
1.7648
1.8196
-0.75487
1.7887
1.8048
-0.6612
1.8012
1.867
-0.66419
1.813
1.9565
-0.74478
1.8047
1.9216
-0.685
1.8364
1.9741
-0.79939
1.8728
2.0296
-0.71213
1.8143
2.0059
-0.7283
1.8608
2.0346
-0.68221
1.8764
2.05
-0.69465
1.8437
2.0215
-0.71478
1.883
2.0282
-0.74232
1.8624
2.0218
-0.69913
1.8631
1.9705
-0.76942
1.8603
1.8739
-0.76304
1.8115
1.7814
-0.59069
1.7414
1.5994
-0.45303
1.7015
1.3553
-0.42805
1.5986
1.2089
-0.21063
1.5116
1.0245
-0.43304
1.5058
0.96016
-0.28896
1.4936
0.92429
-0.27864
1.4617
0.86151
-0.35793
1.4707
0.85892
-0.29093
1.4752
0.8358
-0.23449
1.4443
0.8151
-0.29778
1.4699
0.79576
-0.29806
1.4548
0.77861
-0.28086
1.4175
0.72514
-0.27902
1.4337
0.73461
-0.31462
1.4401
0.76264
-0.20983
1.405
0.72912
-0.2958
1.4463
0.73805
-0.29657
1.4306
0.74647
-0.17134
1.4148
0.73375
-0.33141
1.4448
0.76405
-0.37418
1.4562
0.76779
-0.35818
1.4371
0.711
-0.26361
1.4772
0.73767
-0.28196
1.5154
0.78722
-0.14757
1.5163
0.80183
-0.2141
1.604
0.87646
-0.09504
1.7027
1.094
-0.181
1.7789
1.2213
-0.075399
1.8805
1.4001
-0.35172
1.9365
1.5901
-0.52772
1.9537
1.6641
-0.46833
1.9969
1.8145
-0.52456
1.9913
1.9076
-0.4488
1.9928
1.9264
-0.56594
2.0217
1.9362
-0.52385
2.015
1.975
-0.49399
2.0057
1.9623
-0.63734
2.0259
1.955
-0.62269
2.0363
1.9942
-0.62866
2.02
1.9344
-0.57617
1.9949
1.9135
-0.65838
1.9359
1.9151
-0.69031
1.9213
1.7884
-0.70059
1.8762
1.6404
-0.61581
1.8412
1.5151
-0.37521
1.8126
1.2745
-0.40435
1.7954
1.1098
-0.3613
1.7597
1.0833
-0.29526
1.6954
0.9617
-0.39523
1.681
0.92925
-0.26397
1.7079
0.88991
-0.28926
1.6847
0.86006
-0.2399
1.6782
0.84097
-0.24319
1.6672
0.865
-0.20115
1.6523
0.8283
-0.19699
1.6425
0.81471
-0.31308
1.6355
0.86115
-0.26862
1.5485
0.80031
-0.2356
1.5683
0.8096
-0.14604
1.5806
0.80538
-0.18001
1.5529
0.79383
-0.14654
1.5938
0.75058
-0.053848
1.5863
0.79554
-0.14128
1.5713
0.75088
-0.043119
1.5917
0.71165
-0.1001
1.6087
0.7234
-0.12761
1.5905
0.73179
0.0081166
1.6273
0.70934
-0.10398
1.679
0.77571
0.11112
1.7166
0.72796
-0.009758
1.7673
0.74398
-0.014153
1.8191
0.74834
-0.10504
1.833
0.71445
-0.16135
1.813
0.66734
-0.2072
1.8893
0.69513
-0.081653
1.8788
0.65453
-0.19884
1.9129
0.71727
-0.21632
1.9125
0.72134
-0.30476
1.9097
0.65167
-0.28912
1.9018
0.63244
-0.21497
1.9338
0.68775
-0.22356
1.9008
0.63387
-0.24719
1.8806
0.62696
-0.25786
1.933
0.66612
-0.13702
1.91
0.63258
-0.17745
1.8907
0.56832
-0.31823
1.9042
0.55091
-0.19928
1.9003
0.54609
-0.2549
1.9132
0.5322
-0.1969
1.9133
0.52305
-0.35452
1.8746
0.52194
-0.40685
1.8905
0.47289
-0.40808
1.8945
0.50615
-0.23032
1.8757
0.47312
-0.38642
1.8578
0.46407
-0.40922
1.8773
0.52124
-0.36716
1.8294
0.55434
-0.28183
1.8363
0.50543
-0.36556
1.8365
0.54725
-0.41739
1.7546
0.54261
-0.35171
1.7112
0.56688
-0.31206
1.6835
0.53255
-0.25242
1.6151
0.53893
-0.29492
1.5804
0.56218
-0.30051
1.6663
0.55007
-0.74312
1.6442
0.51061
-0.71888
1.6214
0.49453
-0.62174
1.6712
0.54744
-0.72885
1.6434
0.55469
-0.77052
1.616
0.53563
-0.71866
1.6488
0.53417
-0.69
1.6006
0.53156
-0.76985
1.5562
0.52525
-0.84571
1.5933
0.54104
-0.70357
1.5856
0.51315
-0.66967
1.5639
0.498
-0.61941
1.5973
0.49032
-0.65291
1.545
0.51154
-0.71048
1.5676
0.49926
-0.72927
1.5671
0.54162
-0.70993
1.5977
0.53872
-0.59126
1.6259
0.5161
-0.56331
1.5919
0.53929
-0.65546
1.6751
0.51815
-0.53822
1.6978
0.50941
-0.72548
1.6829
0.5202
-0.56549
1.7446
0.53255
-0.62144
1.7549
0.54912
-0.70676
1.8015
0.56679
-0.76458
1.8348
0.61854
-0.84122
1.8871
0.69176
-0.82946
1.9003
0.72545
-0.73979
1.9666
0.821
-0.70228
1.9559
0.88588
-0.7749
1.9424
0.91883
-0.66408
2.0153
0.98203
-0.71405
2.0183
0.99315
-0.53477
2.0378
1.0098
-0.54541
2.0563
1.0137
-0.59648
2.0155
1.0306
-0.61991
2.0149
1.002
-0.56152
2.0553
1.0113
-0.6258
2.0353
1.0251
-0.54459
2.0028
0.98403
-0.57118
2.0067
1.0144
-0.5004
2.0173
0.98635
-0.46438
1.9879
0.94863
-0.45489
2.0035
0.95477
-0.43601
2.0232
0.97828
-0.4526
1.9942
0.95189
-0.54504
2.0145
0.92679
-0.52986
2.017
0.95515
-0.43079
2.023
0.9184
-0.45281
2.0393
0.91635
-0.58295
2.0376
0.9207
-0.61086
2.0091
0.85857
-0.54393
2.0457
0.87478
-0.6514
2.0253
0.85006
-0.64399
1.9963
0.81566
-0.65098
1.9942
0.80012
-0.63851
1.991
0.78556
-0.62952
1.9131
0.68786
-0.75152
1.9003
0.69949
-0.83301
1.804
0.66382
-0.89762
1.6999
0.61621
-0.7934
1.6349
0.61957
-0.6912
1.6199
0.6186
-0.65613
1.5842
0.53714
-0.74708
1.6296
0.57624
-0.81095
1.6582
0.60416
-0.70486
1.6227
0.61889
-0.75036
1.6536
0.60563
-0.74678
1.6714
0.62854
-0.67555
1.6506
0.60235
-0.58764
1.6468
0.58347
-0.75505
1.6819
0.62678
-0.69257
1.6644
0.61834
-0.8207
1.7385
0.64054
-0.70478
1.7801
0.66254
-0.9232
1.7677
0.60306
-0.83549
1.8484
0.62776
-0.83489
1.917
0.67818
-0.77617
1.9491
0.69564
-0.74181
2.0139
0.71546
-0.76587
2.0642
0.81023
-0.71215
2.0986
0.82942
-0.74211
2.1485
0.87705
-0.71328
2.196
0.93181
-0.72383
2.1597
1.0103
-0.71637
2.2104
0.99324
-0.83299
2.2426
1.0736
-0.65666
2.2196
1.042
-0.65041
2.2096
1.0038
-0.72132
2.2617
1.0028
-0.88483
2.2588
0.97508
-0.75812
2.2654
0.96674
-0.76663
2.2835
0.95365
-0.80422
2.2526
0.94623
-0.82636
2.2599
0.95293
-0.75194
2.2922
1.0008
-0.86368
2.2572
0.99206
-0.86571
2.2865
0.97162
-0.84362
2.2738
1.0013
-0.8721
2.2601
0.93529
-0.94308
2.2735
0.91702
-0.80762
2.3214
0.87363
-0.87005
2.2668
0.88192
-0.88302
2.315
0.77325
-0.95889
2.275
0.73225
-0.91086
2.2413
0.70386
-0.94862
2.2361
0.63104
-1.0323
2.2463
0.6516
-1.0857
2.2266
0.61002
-1.0073
2.2489
0.5951
-1.0715
2.2496
0.61343
-1.0609
2.2028
0.62041
-1.0851
2.2222
0.59299
-0.96855
2.2371
0.62029
-1.038
2.2126
0.59738
-0.96259
2.2237
0.58012
-1.0095
2.2337
0.58913
-0.9829
2.1702
0.6006
-0.97066
2.1476
0.56052
-1.0679
2.165
0.57278
-1.1278
2.0502
0.54537
-1.1868
1.9641
0.56708
-1.0608
1.8974
0.57702
-1.1542
1.8069
0.5742
-1.0743
1.7889
0.54939
-0.95394
1.8069
0.53601
-0.82845
1.8021
0.51676
-0.93354
1.8012
0.53867
-0.97377
1.7976
0.55533
-0.8377
1.773
0.54231
-0.76006
1.781
0.52427
-0.83153
1.7804
0.59549
-0.8204
1.765
0.56816
-0.84678
1.7537
0.55186
-0.81707
1.8054
0.54607
-0.76417
1.7705
0.56332
-0.89292
1.7701
0.49867
-0.80052
1.8098
0.54344
-0.80286
1.7935
0.57019
-0.89454
1.7487
0.51973
-0.94378
1.758
0.56144
-1.0982
1.7191
0.53269
-0.9427
1.6739
0.4905
-0.99041
1.7257
0.5324
-1.1745
1.6675
0.5331
-1.1567
1.6
0.49437
-1.2665
1.6293
0.47316
-1.2287
1.6036
0.42336
-1.2068
1.6004
0.42594
-1.3362
1.5887
0.44007
-1.2658
1.5448
0.41764
-1.281
1.5299
0.36821
-1.4563
1.5318
0.43691
-1.5531
1.4952
0.44259
-1.6455
1.4902
0.35188
-1.8589
1.4562
0.35953
-1.3554
1.375
0.21333
-1.6054
1.3607
0.11438
-1.7839
1.3745
0.095698
-1.8461
1.3867
0.012111
-1.9002
1.3538
-0.071012
-1.9522
1.3618
-0.085386
-2.0653
1.3491
-0.12038
-2.0278
1.3193
-0.1353
-2.052
1.3749
-0.071208
-2.1203
1.3373
-0.099808
-2.0853
1.3509
-0.12523
-2.1559
1.3334
-0.11144
-2.0813
1.3391
-0.10903
-1.9928
1.326
-0.10599
-2.0686
1.3422
-0.0759
-2.0628
1.3132
-0.070332
-2.0466
1.3174
-0.093365
-2.0333
1.355
-0.038552
-2.0194
1.3437
0.013097
-1.837
1.3793
0.055524
-1.7964
1.429
0.3547
-1.87
1.473
0.47309
-1.6245
1.386
0.52173
-1.5465
1.4499
0.52721
-1.4062
1.4332
0.58613
-1.2304
1.3991
0.61591
-1.2462
1.4103
0.63678
-1.1672
1.438
0.68866
-1.0582
1.4576
0.6734
-1.1724
1.4789
0.64728
-1.1945
1.4922
0.64801
-1.2034
1.4815
0.6228
-1.2107
1.4668
0.63102
-1.293
1.4693
0.65075
-1.1893
1.4432
0.62299
-1.2594
1.459
0.58617
-1.4285
1.4366
0.59189
-1.3449
1.4266
0.5823
-1.4114
1.4265
0.60762
-1.4395
1.451
0.63648
-1.4345
1.4067
0.61256
-1.4506
1.4325
0.61712
-1.5481
1.4508
0.59793
-1.4302
1.4101
0.56598
-1.6112
1.4228
0.5684
-1.6395
1.43
0.54172
-1.6668
1.3606
0.45942
-1.8181
1.3495
0.37967
-2.1479
1.3041
0.18649
-2.523
1.2177
-0.025369
-2.5062
1.2143
-0.07922
-2.8628
1.1823
-0.099488
-2.832
1.1544
-0.17718
-2.8608
1.1251
-0.20704
-3.0773
1.1092
-0.22239
-2.9313
1.0702
-0.26994
-3.0655
1.0648
-0.28652
-3.1119
1.0616
-0.26538
-3.1226
1.057
-0.29457
-2.9984
1.0763
-0.29697
-2.9143
1.0815
-0.28395
-2.8536
1.0548
-0.28942
-3.0348
1.08
-0.28371
-3.0471
1.08
-0.26407
-2.9652
1.0558
-0.27456
-2.9675
1.072
-0.25041
-3.0234
1.0802
-0.25949
-3.0009
1.0586
-0.27387
-3.0254
1.0642
-0.26325
-3.0072
1.0952
-0.2251
-3.065
1.0683
-0.26647
-2.9763
1.08
-0.26649
-3.0498
1.1005
-0.24962
-2.9745
1.0722
-0.26374
-2.9864
1.1178
-0.25626
-3.054
1.1325
-0.22154
-2.9835
1.1607
-0.24725
-2.9197
1.1823
-0.19158
-3.0117
1.1866
-0.16497
-2.8735
1.2047
-0.15052
-2.7798
1.2274
-0.17576
-2.8843
1.2369
-0.13724
-2.8865
1.2401
-0.15458
-2.8821
1.2466
-0.15321
-2.8947
1.2758
-0.11241
-2.853
1.2899
-0.10949
-2.7001
1.2746
-0.056972
-2.8558
1.3317
0.01489
-2.7016
1.323
0.091958
-2.4978
1.4382
0.24092
-2.3017
1.4944
0.2839
-1.663
1.487
0.36361
-1.5392
1.4426
0.33002
-1.4756
1.444
0.33895
-1.5105
1.3892
0.32361
-1.3902
1.3644
0.34
-1.2046
1.363
0.42041
-1.1692
1.3482
0.45199
-1.1271
1.3785
0.43557
-1.0774
1.4045
0.45736
-1.0934
1.3644
0.46793
-1.0452
1.3805
0.44465
-1.1145
1.4294
0.4956
-1.0778
1.3822
0.4939
-1.1294
1.3841
0.48143
-1.1259
1.4147
0.53507
-1.1281
1.3987
0.51272
-1.1027
1.3919
0.45616
-1.2065
1.4223
0.48394
-1.0893
1.3963
0.48031
-1.126
1.4098
0.43374
-1.2829
1.4059
0.45149
-1.2778
1.3882
0.43717
-1.2363
1.3881
0.35814
-1.2266
1.3712
0.38987
-1.3432
1.3349
0.3473
-1.3825
1.324
0.22792
-1.5324
1.3438
0.21449
-1.736
1.2911
0.15008
-1.7286
1.2281
0.047301
-1.9357
1.2365
0.029367
-2.1327
1.2383
-0.025744
-2.1225
1.1938
-0.088642
-2.3952
1.1951
-0.12308
-2.3833
1.1636
-0.16003
-2.2829
1.1405
-0.1922
-2.4504
1.1527
-0.18435
-2.3991
1.1455
-0.20765
-2.2868
1.1563
-0.2232
-2.3391
1.1813
-0.17862
-2.3758
1.1757
-0.20281
-2.273
1.1789
-0.22769
-2.3233
1.2094
-0.16708
-2.3661
1.2002
-0.16325
-2.3016
1.2311
-0.17071
-2.4149
1.2389
-0.10042
-2.3572
1.2454
-0.095238
-2.2081
1.2399
-0.14188
-2.2402
1.2853
-0.13218
-2.2768
1.3138
-0.14081
-2.1576
1.2922
-0.17357
-2.2159
1.3308
-0.11772
-2.2689
1.3068
-0.089389
-2.2282
1.301
-0.12876
-2.1992
1.3336
-0.11373
-2.2597
1.3293
-0.052346
-2.2962
1.3322
-0.057163
-2.2866
1.3598
-0.0012899
-2.1322
1.4137
0.054334
-1.9927
1.437
0.056718
-1.579
1.506
0.29888
-1.1757
1.655
0.59842
-0.66532
1.7205
0.56222
-0.87766
1.7384
0.48014
-0.80196
1.7494
0.42821
-0.75545
1.696
0.38072
-0.70207
1.7193
0.44325
-0.59284
1.7043
0.46271
-0.48141
1.6907
0.42717
-0.38827
1.7304
0.42608
-0.36092
1.7288
0.39997
-0.49653
1.7
0.37908
-0.46754
1.7422
0.37848
-0.39903
1.7088
0.41125
-0.34237
1.6936
0.43459
-0.37499
1.7521
0.48437
-0.26588
1.7773
0.54119
-0.26483
1.8029
0.45121
-0.19779
1.7753
0.4078
-0.11301
1.7963
0.39703
-0.097532
1.7462
0.31841
-0.2024
1.7393
0.31811
-0.10548
1.7526
0.39361
-0.15568
1.7744
0.39527
-0.19155
1.8381
0.43057
-0.25981
1.8887
0.47015
-0.13831
1.9245
0.49313
-0.21978
2.0424
0.59079
-0.25538
2.1839
0.71097
-0.13723
2.2993
0.74916
-0.044674
2.4561
0.87163
0.092883
2.6462
0.89641
-0.0084613
2.7577
0.83017
0.028144
2.9068
0.81306
0.11977
3.085
0.87316
0.1005
3.2496
0.7868
0.092283
3.356
0.74877
0.061082
3.4543
0.755
0.057737
3.5784
0.80422
0.045945
3.7667
0.76378
-0.087237
3.8798
0.72647
-0.0011455
3.8599
0.5307
-0.072491
3.81
0.41266
0.019125
3.6974
0.37419
0.086281
3.5407
0.35506
0.032895
3.4654
0.33018
-0.31921
3.3553
0.3862
-0.32882
3.2279
0.34054
-0.21622
3.0866
0.36127
-0.34009
2.9268
0.40641
-0.409
2.8111
0.35203
-0.32445
2.7217
0.34472
-0.5049
2.6825
0.44752
-0.34791
2.5983
0.50535
0.049231
2.5798
0.39206
0.73831
2.5612
0.40976
0.81908
2.5469
0.33194
0.8148
2.5191
0.33834
0.69723
2.4928
0.38441
0.91662
2.5096
0.32703
0.97725
2.5134
0.27897
0.88233
2.4723
0.2965
0.85198
2.4357
0.28789
0.81875
2.3733
0.25184
0.7863
2.3927
0.34385
0.89631
2.4126
0.33047
0.9584
2.4589
0.30985
1.0552
2.4872
0.36331
0.99987
2.5028
0.37429
0.99806
2.5347
0.33255
0.87106
2.5363
0.33464
0.99434
2.5063
0.29095
0.92748
2.4737
0.2052
0.68267
2.3732
0.19735
0.74589
2.2061
0.088443
0.44099
2.0885
-0.038186
0.27157
1.9027
-0.098003
-0.0060166
1.697
-0.23283
0.097078
1.5409
-0.25032
0.10753
1.3828
-0.24659
-0.070659
1.2111
-0.20151
-0.073445
1.1093
-0.17936
0.085129
1.0739
-0.12014
-0.015765
1.0129
-0.077851
0.041617
0.97386
-0.087732
0.067705
0.9734
-0.057465
0.05769
0.98793
-0.049405
0.22909
1.0032
-0.047578
0.29745
1.0235
-0.0077491
0.22152
1.012
-0.020182
0.41208
0.99946
-0.035984
0.37604
1.1041
0.039843
0.42453
1.0877
0.079865
0.416
1.1071
0.094593
0.45238
1.2217
0.14808
0.54568
1.2661
0.20866
0.43608
1.3669
0.22037
0.59269
1.4901
0.25029
0.7975
1.5803
0.29238
0.98475
1.6555
0.24848
1.0354
1.7633
0.25968
0.94729
1.787
0.29035
1.1123
1.8168
0.25676
1.0164
1.8708
0.3139
0.91135
1.918
0.2521
1.081
1.8954
0.14493
1.0068
1.9173
0.13613
1.0186
1.8753
0.13328
0.94904
1.8452
0.079321
0.96877
1.8601
0.08331
1.1554
1.8002
0.15596
0.98698
1.7792
0.15436
1.0733
1.808
0.22276
1.2032
1.8014
0.25419
1.2827
1.7849
0.28559
1.3075
1.8546
0.31569
1.336
1.882
0.3212
1.2576
1.8776
0.2945
1.3066
1.9144
0.32753
1.3101
1.9486
0.30069
1.2823
1.9008
0.30965
1.2237
1.9404
0.31657
1.2165
1.958
0.34346
1.2593
1.9525
0.33062
1.168
1.9898
0.37192
1.2807
2.0207
0.415
1.2949
2.0243
0.38074
1.1293
2.0363
0.3633
1.2504
2.0785
0.37912
1.1679
2.0246
0.31973
1.1797
2.1147
0.34236
1.279
2.112
0.34716
1.3068
2.0986
0.35132
1.255
2.1361
0.35855
1.5408
2.1711
0.43172
1.2049
2.2221
0.38335
1.1868
2.265
0.3474
1.1278
2.2553
0.35152
1.144
2.2645
0.35268
1.2858
2.2741
0.30999
1.1142
2.2316
0.29543
1.1367
2.2056
0.27573
1.0356
2.1935
0.2002
0.96825
2.1575
0.17585
1.0007
2.0793
0.1446
0.87218
2.0827
0.071728
0.95962
2.0769
0.073981
0.81706
2.007
0.07766
0.77915
2.0461
0.16798
0.69259
2.0812
0.24854
0.93842
2.105
0.35473
1.0651
2.1768
0.40739
0.9458
2.2426
0.39259
1.0551
2.2549
0.35598
1.0818
2.3047
0.37296
1.1476
2.3498
0.36595
1.141
2.3196
0.35839
1.1174
2.3484
0.26364
1.1752
2.3809
0.30129
1.0665
2.3374
0.30515
1.0147
2.3309
0.28202
1.0062
2.3213
0.3228
1.0373
2.2352
0.3212
1.0849
2.2678
0.33523
1.0988
2.2506
0.38408
1.1429
2.1831
0.34572
1.2233
2.2259
0.32347
1.1354
2.2247
0.31932
1.1863
2.2007
0.32976
1.0925
2.1936
0.31733
1.1386
2.2312
0.36858
1.2077
2.2197
0.37379
1.2628
2.1979
0.35898
1.202
2.2408
0.34785
1.3559
2.2227
0.28301
1.335
2.194
0.24706
1.2842
2.2204
0.21349
1.2127
2.1782
0.15356
1.1461
2.0909
0.092283
1.181
2.1016
0.15659
1.1005
2.0524
0.15676
1.3037
2.0257
0.1233
1.3693
2.0572
0.15902
1.3245
2.0258
0.21712
1.3362
1.9995
0.20001
1.2192
2.0133
0.24667
1.168
2.0105
0.31819
1.1094
1.9961
0.31323
1.1939
2.0236
0.37972
1.3097
2.0418
0.39722
1.3734
2.0483
0.33668
1.1818
2.1116
0.35576
1.1715
2.0678
0.36626
1.0141
2.0618
0.30752
1.1122
2.073
0.27852
0.99394
2.0067
0.27818
1.0254
1.9727
0.21633
1.1799
1.99
0.23843
1.1383
1.9706
0.26811
1.1518
1.9732
0.2151
1.0347
2.0037
0.1728
1.147
1.9369
0.14688
1.1119
1.9441
0.12824
0.9711
1.9598
0.15322
0.91092
1.9582
0.12554
0.95621
1.9826
0.019019
0.96633
2.0114
0.0009457
0.89866
2.0002
-0.0098295
0.80225
1.997
-0.094657
0.80354
2.0114
-0.12196
0.71884
2.0118
-0.12444
0.81654
2.0227
-0.16969
0.75411
2.0753
-0.16053
0.72899
2.0539
-0.17062
0.80448
2.0522
-0.17761
0.76152
2.0501
-0.14867
0.7374
2.0547
-0.13296
0.83026
2.0472
-0.16776
0.87712
2.0811
-0.085028
0.91079
2.1028
-0.098575
0.87802
2.1379
-0.083564
0.68755
2.1471
-0.083076
0.81762
2.1579
-0.020669
0.78843
2.1592
-0.0061809
0.86006
2.1588
0.00095396
1.0801
2.2007
0.1007
1.0926
2.1818
0.12923
1.0626
2.3513
0.19247
0.49063
2.415
0.43475
0.39763
2.3646
0.45596
0.0073085
2.3564
0.44404
-0.095187
2.3124
0.43008
-0.00075685
2.2852
0.34342
-0.11153
2.2848
0.37824
-0.077516
2.2749
0.40541
-0.030687
2.226
0.33185
-0.0471
2.2091
0.3581
-0.087056
2.19
0.39577
-0.01647
2.1699
0.31107
0.046049
2.1905
0.33098
0.05831
2.1773
0.38603
-0.074573
2.1624
0.3676
-0.043884
2.1839
0.3517
0.043191
2.1817
0.38403
-0.067891
2.1519
0.35658
0.06086
2.1761
0.34008
0.027032
2.1894
0.38457
-0.0079803
2.1628
0.36141
-0.11505
2.1736
0.38103
-0.13438
2.2178
0.38985
-0.0079986
2.1897
0.37468
-0.039182
2.2456
0.37578
-0.073559
2.2828
0.4263
-0.0050532
2.2671
0.41278
0.13912
2.3131
0.50953
0.096442
2.4188
0.52545
0.25747
2.4662
0.52157
0.33336
2.5392
0.50566
0.29904
2.5989
0.46938
0.50364
2.5982
0.43701
0.47828
2.6508
0.40023
0.33556
2.6623
0.42891
0.3245
2.6444
0.40783
0.24004
2.6819
0.33685
0.34538
2.7313
0.38038
0.30247
2.6896
0.34867
0.21444
2.746
0.32461
0.24475
2.7247
0.3599
0.16974
2.6922
0.38275
0.17335
2.717
0.37725
-0.026689
2.6569
0.44975
0.14821
2.6367
0.43345
0.14545
2.642
0.38635
0.14632
2.6341
0.37934
0.13313
2.5546
0.40802
-0.12344
2.5297
0.37609
-0.040021
2.5027
0.3796
-0.18054
2.4458
0.33626
-0.095501
2.3565
0.31361
-0.10409
2.346
0.36467
-0.11071
2.2956
0.33505
-0.18631
2.2112
0.30997
-0.2534
2.226
0.37792
-0.31694
2.1644
0.37541
-0.33828
2.1934
0.29274
-0.52539
2.1578
0.284
-0.43408
2.0777
0.31468
-0.4498
2.0595
0.31021
-0.42858
2.075
0.3566
-0.58547
2.0186
0.38915
-0.54665
2.0143
0.31993
-0.45236
2.007
0.37774
-0.64413
1.9695
0.38322
-0.53664
1.9638
0.36112
-0.54029
1.9706
0.35907
-0.48467
1.9643
0.37275
-0.70535
1.9432
0.22782
-0.62849
1.9867
0.25076
-0.58189
1.9457
0.17649
-0.637
1.9264
0.10557
-0.66944
1.8842
0.13089
-0.70732
1.8683
0.19826
-0.82089
1.8124
0.17884
-0.76437
1.8366
0.1941
-0.8517
1.806
0.21714
-0.80966
1.7961
0.16915
-0.80485
1.7952
0.204
-0.8658
1.7442
0.18197
-0.72823
1.7148
0.13314
-0.92503
1.7211
0.10383
-0.87465
1.7035
0.11157
-0.88714
1.6828
0.056654
-0.95287
1.6953
0.11695
-0.88612
1.6811
0.15036
-0.84345
1.6764
0.14604
-0.83164
1.7622
0.14279
-0.69035
1.7326
0.2048
-0.78618
1.7894
0.1711
-0.61993
1.8529
0.22789
-0.56176
1.9019
0.24607
-0.62608
1.893
0.24001
-0.64286
1.9639
0.25446
-0.78235
1.9763
0.30697
-0.6885
1.9515
0.28388
-0.72794
2.0127
0.27837
-0.6272
2.0798
0.36155
-0.53653
2.0771
0.31668
-0.62553
2.156
0.28659
-0.57073
2.1032
0.28637
-0.56922
2.1214
0.25406
-0.63213
2.1373
0.27771
-0.60614
2.1872
0.29129
-0.50581
2.182
0.26705
-0.42449
2.2327
0.28354
-0.43073
2.2563
0.2918
-0.43666
2.2375
0.19287
-0.44977
2.2565
0.18371
-0.58074
2.2322
0.21343
-0.60567
2.1577
0.16653
-0.67498
2.2065
0.14914
-0.60263
2.185
0.16122
-0.62668
2.1466
0.15252
-0.55737
2.171
0.11552
-0.54151
2.1453
0.19758
-0.50814
2.0969
0.1726
-0.53195
2.1243
0.20337
-0.58045
2.1111
0.2258
-0.48439
2.1224
0.18858
-0.44494
2.1216
0.20062
-0.5974
2.1451
0.27223
-0.46505
